timestamp,Register,raw_uint16,raw_int16,hex,tier,name,interpreted,bin16,ascii_be,ascii_le,bcd,div10,div100,div1000,u32_next_be,u32_next_le
11:54:15,30001,65523,-13,0xFFF3,OK,battery_power,-13 W,1111111111110011,··,··,-,6552.3,655.23,65.523,,
11:54:15,30006,65523,-13,0xFFF3,OK,ac_power,-13 W,1111111111110011,··,··,-,6552.3,655.23,65.523,,
11:54:15,30010,0,0,0x0000,UNB,Unb: ?,,0000000000000000,··,··,0000,0.0,0.00,0.000,,
11:54:16,30020,0,0,0x0000,VERM,Verm: mppt1_voltage,0 V,0000000000000000,··,··,0000,0.0,0.00,0.000,,
11:54:16,30029,100,100,0x0064,VERM,Verm: battery_power_factor,100,0000000001100100,·d,d·,0064,10.0,1.00,0.100,6553699,6488164
11:54:16,30030,99,99,0x0063,UNB,Unb: ?,,0000000001100011,·c,c·,0063,9.9,0.99,0.099,6488163,6488163
11:54:16,30031,99,99,0x0063,UNB,Unb: ?,,0000000001100011,·c,c·,0063,9.9,0.99,0.099,6488163,6488163
11:54:16,30032,99,99,0x0063,UNB,Unb: ?,,0000000001100011,·c,c·,0063,9.9,0.99,0.099,6488064,99
11:54:16,30033,0,0,0x0000,UNB,Unb: ?,,0000000000000000,··,··,0000,0.0,0.00,0.000,0,0
11:54:16,30034,0,0,0x0000,UNB,Unb: ?,,0000000000000000,··,··,0000,0.0,0.00,0.000,0,0
11:54:16,30035,0,0,0x0000,UNB,Unb: ?,,0000000000000000,··,··,0000,0.0,0.00,0.000,0,0
11:54:16,30036,0,0,0x0000,VERM,Verm: hardware_version,0,0000000000000000,··,··,0000,0.0,0.00,0.000,,
11:54:16,30100,65534,-2,0xFFFE,VERM,Verm: battery_voltage,655.340 V,1111111111111110,··,··,-,6553.4,655.34,65.534,4294836224,65534
11:54:16,30101,0,0,0x0000,VERM,Verm: pack1_current_mirror,0 A,0000000000000000,··,··,0000,0.0,0.00,0.000,,
11:54:16,30106,5330,5330,0x14D2,UNB,Unb: ?,,0001010011010010,··,··,-,533.0,53.30,5.330,,
11:54:16,30109,0,0,0x0000,UNB,Unb: ?,,0000000000000000,··,··,0000,0.0,0.00,0.000,0,0
11:54:16,30110,0,0,0x0000,UNB,Unb: ?,,0000000000000000,··,··,0000,0.0,0.00,0.000,,
11:54:17,30201,0,0,0x0000,UNB,Unb: unknown_30201,0,0000000000000000,··,··,0000,0.0,0.00,0.000,,
11:54:17,30203,18,18,0x0012,UNB,Unb: unknown_30203,18,0000000000010010,··,··,0012,1.8,0.18,0.018,,
11:54:17,30210,106,106,0x006A,VERM,Verm: active_pack_charge_status,106,0000000001101010,·j,j·,-,10.6,1.06,0.106,,
11:54:17,30300,0,0,0x0000,VERM,Verm: wifi_status,0,0000000000000000,··,··,0000,0.0,0.00,0.000,0,0
11:54:17,30301,0,0,0x0000,VERM,Verm: active_inverter_state,0,0000000000000000,··,··,0000,0.0,0.00,0.000,5,327680
11:54:17,30302,5,5,0x0005,VERM,Verm: cloud_status,5,0000000000000101,··,··,0005,0.5,0.05,0.005,327680,5
11:54:17,30303,0,0,0x0000,VERM,Verm: wifi_signal_strength,0 dBm,0000000000000000,··,··,0000,0.0,0.00,0.000,,
11:54:18,30400,1,1,0x0001,UNB,Unb: ip_address,0.1,0000000000000001,··,··,0001,0.1,0.01,0.001,,
11:54:18,31003,49320,-16216,0xC0A8,VERM,Verm: pack_dependent_31003,49320,1100000010101000,··,··,-,4932.0,493.20,49.320,,
11:54:18,32102,5,5,0x0005,UNB,Unb: unknown_32102,,0000000000000101,··,··,0005,0.5,0.05,0.005,,
11:54:18,32201,0,0,0x0000,VERM,Verm: ac_voltage_2,0 V,0000000000000000,··,··,0000,0.0,0.00,0.000,,
11:54:19,34001,2445,2445,0x098D,OK,pack1_bat_curr,244.500 A,0000100110001101,··,··,-,244.5,24.45,2.445,,
11:54:19,34004,0,0,0x0000,VERM,Verm: pack1_charge_status,0,0000000000000000,··,··,0000,0.0,0.00,0.000,,
11:54:19,34101,0,0,0x0000,OK,pack2_bat_curr,0 A,0000000000000000,··,··,0000,0.0,0.00,0.000,,
11:54:19,34104,0,0,0x0000,VERM,Verm: pack2_charge_status,0,0000000000000000,··,··,0000,0.0,0.00,0.000,,
11:54:19,34204,0,0,0x0000,VERM,Verm: pack3_charge_status,0,0000000000000000,··,··,0000,0.0,0.00,0.000,,
11:54:20,34304,0,0,0x0000,VERM,Verm: pack4_charge_status,0,0000000000000000,··,··,0000,0.0,0.00,0.000,,
11:54:20,35011,0,0,0x0000,VERM,Verm: pack1_env_ntc_mirror,0 °C,0000000000000000,··,··,0000,0.0,0.00,0.000,,
11:54:20,35110,239,239,0x00EF,VERM,Verm: max_charge_power,239,0000000011101111,··,··,-,23.9,2.39,0.239,,
11:54:20,36101,576,576,0x0240,VERM,Verm: fault_status_2,0x0240,0000001001000000,·@,@·,0240,57.6,5.76,0.576,,
11:54:20,37000,0,0,0x0000,VERM,Verm: system_online,0,0000000000000000,··,··,0000,0.0,0.00,0.000,,
11:54:21,37009,1,1,0x0001,UNB,Unb: ?,,0000000000000001,··,··,0001,0.1,0.01,0.001,65536,1
11:54:21,37010,0,0,0x0000,UNB,Unb: ?,,0000000000000000,··,··,0000,0.0,0.00,0.000,0,0
11:54:21,37011,0,0,0x0000,UNB,Unb: ?,,0000000000000000,··,··,0000,0.0,0.00,0.000,0,0
11:54:21,37012,0,0,0x0000,VERM,Verm: bms_version_mirror,0,0000000000000000,··,··,0000,0.0,0.00,0.000,0,0
11:54:21,37013,0,0,0x0000,VERM,Verm: fault_status_mirror,0x0000,0000000000000000,··,··,0000,0.0,0.00,0.000,,
11:54:21,38000,0,0,0x0000,UNB,Unb: unknown_38000,,0000000000000000,··,··,0000,0.0,0.00,0.000,0,0
11:54:21,38001,0,0,0x0000,UNB,Unb: unknown_38001,,0000000000000000,··,··,0000,0.0,0.00,0.000,0,0
11:54:21,38002,0,0,0x0000,UNB,Unb: unknown_38002,,0000000000000000,··,··,0000,0.0,0.00,0.000,118,7733248
11:54:21,38003,118,118,0x0076,UNB,Unb: unknown_38003,,0000000001110110,·v,v·,0076,11.8,1.18,0.118,7733248,118
11:54:21,38004,0,0,0x0000,UNB,Unb: unknown_38004,,0000000000000000,··,··,0000,0.0,0.00,0.000,0,0
11:54:21,38005,0,0,0x0000,UNB,Unb: unknown_38005,,0000000000000000,··,··,0000,0.0,0.00,0.000,0,0
11:54:21,38006,0,0,0x0000,UNB,Unb: unknown_38006,,0000000000000000,··,··,0000,0.0,0.00,0.000,0,0
11:54:21,38007,0,0,0x0000,UNB,Unb: unknown_38007,,0000000000000000,··,··,0000,0.0,0.00,0.000,0,0
11:54:21,38008,0,0,0x0000,UNB,Unb: unknown_38008,,0000000000000000,··,··,0000,0.0,0.00,0.000,0,0
11:54:21,38009,0,0,0x0000,UNB,Unb: unknown_38009,,0000000000000000,··,··,0000,0.0,0.00,0.000,0,0
11:54:21,38010,0,0,0x0000,UNB,Unb: unknown_38010,,0000000000000000,··,··,0000,0.0,0.00,0.000,0,0
11:54:21,38011,0,0,0x0000,UNB,Unb: unknown_38011,,0000000000000000,··,··,0000,0.0,0.00,0.000,0,0
11:54:21,38012,0,0,0x0000,UNB,Unb: unknown_38012,,0000000000000000,··,··,0000,0.0,0.00,0.000,0,0
11:54:21,38013,0,0,0x0000,UNB,Unb: unknown_38013,,0000000000000000,··,··,0000,0.0,0.00,0.000,0,0
11:54:21,38014,0,0,0x0000,UNB,Unb: unknown_38014,,0000000000000000,··,··,0000,0.0,0.00,0.000,,
11:54:21,41000,0,0,0x0000,VERM,Verm: reset_device,,0000000000000000,··,··,0000,0.0,0.00,0.000,,
11:54:21,41100,0,0,0x0000,VERM,Verm: modbus_address,,0000000000000000,··,··,0000,0.0,0.00,0.000,,
11:54:22,41200,1,1,0x0001,VERM,Verm: backup_function,,0000000000000001,··,··,0001,0.1,0.01,0.001,,
11:54:22,42010,1,1,0x0001,VERM,Verm: force_mode,1,0000000000000001,··,··,0001,0.1,0.01,0.001,,
11:54:22,42020,0,0,0x0000,VERM,Verm: set_charge_power,0 W,0000000000000000,··,··,0000,0.0,0.00,0.000,,
11:54:22,43000,0,0,0x0000,VERM,Verm: user_work_mode,0,0000000000000000,··,··,0000,0.0,0.00,0.000,,
11:54:23,43101,1,1,0x0001,VERM,Verm: schedule_1_start,00:01,0000000000000001,··,··,0001,0.1,0.01,0.001,,
11:54:23,43105,0,0,0x0000,VERM,Verm: schedule_2_days,0x0000,0000000000000000,··,··,0000,0.0,0.00,0.000,,
11:54:23,44002,0,0,0x0000,VERM,Verm: max_charge_power,0 W,0000000000000000,··,··,0000,0.0,0.00,0.000,0,0
11:54:23,44003,0,0,0x0000,VERM,Verm: max_discharge_power,0 W,0000000000000000,··,··,0000,0.0,0.00,0.000,,
11:54:33,30001,62904,-2632,0xF5B8,OK,battery_power,-2632 W,1111010110111000,··,··,-,6290.4,629.04,62.904,,
11:54:33,30006,2463,2463,0x099F,OK,ac_power,2463 W,0000100110011111,··,··,-,246.3,24.63,2.463,,
11:54:34,30010,0,0,0x0000,UNB,Unb: ?,,0000000000000000,··,··,0000,0.0,0.00,0.000,,
11:54:34,30020,100,100,0x0064,VERM,Verm: mppt1_voltage,10 V,0000000001100100,·d,d·,0064,10.0,1.00,0.100,6553699,6488164
11:54:34,30021,99,99,0x0063,VERM,Verm: mppt2_voltage,9.900 V,0000000001100011,·c,c·,0063,9.9,0.99,0.099,6488163,6488163
11:54:34,30022,99,99,0x0063,VERM,Verm: mppt3_voltage,9.900 V,0000000001100011,·c,c·,0063,9.9,0.99,0.099,6488163,6488163
11:54:34,30023,99,99,0x0063,VERM,Verm: mppt4_voltage,9.900 V,0000000001100011,·c,c·,0063,9.9,0.99,0.099,6488064,99
11:54:34,30024,0,0,0x0000,VERM,Verm: mppt1_current,0 A,0000000000000000,··,··,0000,0.0,0.00,0.000,0,0
11:54:34,30025,0,0,0x0000,VERM,Verm: mppt2_current,0 A,0000000000000000,··,··,0000,0.0,0.00,0.000,0,0
11:54:34,30026,0,0,0x0000,VERM,Verm: mppt3_current,0 A,0000000000000000,··,··,0000,0.0,0.00,0.000,0,0
11:54:34,30027,0,0,0x0000,VERM,Verm: mppt4_current,0 A,0000000000000000,··,··,0000,0.0,0.00,0.000,,
11:54:34,30029,65516,-20,0xFFEC,VERM,Verm: battery_power_factor,-20,1111111111101100,··,··,-,6551.6,655.16,65.516,4293656576,65516
11:54:34,30030,0,0,0x0000,UNB,Unb: ?,,0000000000000000,··,··,0000,0.0,0.00,0.000,0,0
11:54:34,30031,0,0,0x0000,UNB,Unb: ?,,0000000000000000,··,··,0000,0.0,0.00,0.000,0,0
11:54:34,30032,0,0,0x0000,UNB,Unb: ?,,0000000000000000,··,··,0000,0.0,0.00,0.000,0,0
11:54:34,30033,0,0,0x0000,UNB,Unb: ?,,0000000000000000,··,··,0000,0.0,0.00,0.000,0,0
11:54:34,30034,0,0,0x0000,UNB,Unb: ?,,0000000000000000,··,··,0000,0.0,0.00,0.000,0,0
11:54:34,30035,0,0,0x0000,UNB,Unb: ?,,0000000000000000,··,··,0000,0.0,0.00,0.000,219,14352384
11:54:34,30036,219,219,0x00DB,VERM,Verm: hardware_version,219,0000000011011011,··,··,-,21.9,2.19,0.219,14352384,219
11:54:34,30037,0,0,0x0000,VERM,Verm: mppt1_power,0 W,0000000000000000,··,··,0000,0.0,0.00,0.000,0,0
11:54:34,30038,0,0,0x0000,VERM,Verm: mppt2_power,0 W,0000000000000000,··,··,0000,0.0,0.00,0.000,0,0
11:54:34,30039,0,0,0x0000,VERM,Verm: mppt3_power,0 W,0000000000000000,··,··,0000,0.0,0.00,0.000,0,0
11:54:34,30040,0,0,0x0000,VERM,Verm: mppt4_power,0 W,0000000000000000,··,··,0000,0.0,0.00,0.000,,
11:54:35,30100,5330,5330,0x14D2,VERM,Verm: battery_voltage,53.300 V,0001010011010010,··,··,-,533.0,53.30,5.330,349306880,5330
11:54:35,30101,0,0,0x0000,VERM,Verm: pack1_current_mirror,0 A,0000000000000000,··,··,0000,0.0,0.00,0.000,,
11:54:35,30106,0,0,0x0000,UNB,Unb: ?,,0000000000000000,··,··,0000,0.0,0.00,0.000,,
11:54:35,30109,0,0,0x0000,UNB,Unb: ?,,0000000000000000,··,··,0000,0.0,0.00,0.000,0,0
11:54:35,30110,0,0,0x0000,UNB,Unb: ?,,0000000000000000,··,··,0000,0.0,0.00,0.000,,
11:54:36,30201,18,18,0x0012,UNB,Unb: unknown_30201,18,0000000000010010,··,··,0012,1.8,0.18,0.018,,
11:54:36,30203,106,106,0x006A,UNB,Unb: unknown_30203,106,0000000001101010,·j,j·,-,10.6,1.06,0.106,,
11:54:36,30210,0,0,0x0000,VERM,Verm: active_pack_charge_status,0,0000000000000000,··,··,0000,0.0,0.00,0.000,0,0
11:54:36,30211,0,0,0x0000,UNB,Unb: ?,,0000000000000000,··,··,0000,0.0,0.00,0.000,5,327680
11:54:36,30212,5,5,0x0005,VERM,Verm: pack_config,5,0000000000000101,··,··,0005,0.5,0.05,0.005,327680,5
11:54:36,30213,0,0,0x0000,UNB,Unb: ?,,0000000000000000,··,··,0000,0.0,0.00,0.000,0,0
11:54:36,30214,0,0,0x0000,UNB,Unb: ?,,0000000000000000,··,··,0000,0.0,0.00,0.000,,
11:54:36,30300,1,1,0x0001,VERM,Verm: wifi_status,1,0000000000000001,··,··,0001,0.1,0.01,0.001,65537,65537
11:54:36,30301,1,1,0x0001,VERM,Verm: active_inverter_state,1,0000000000000001,··,··,0001,0.1,0.01,0.001,65536,1
11:54:36,30302,0,0,0x0000,VERM,Verm: cloud_status,0,0000000000000000,··,··,0000,0.0,0.00,0.000,61,3997696
11:54:36,30303,61,61,0x003D,VERM,Verm: wifi_signal_strength,-61 dBm,0000000000111101,·=,=·,-,6.1,0.61,0.061,,
11:54:37,30400,49320,-16216,0xC0A8,UNB,Unb: ip_address,192.168,1100000010101000,··,··,-,4932.0,493.20,49.320,,
11:54:37,31003,5,5,0x0005,VERM,Verm: pack_dependent_31003,5,0000000000000101,··,··,0005,0.5,0.05,0.005,329223,101122053
11:54:37,31004,1543,1543,0x0607,VERM,Verm: pack_dependent_31004,1543,0000011000000111,··,··,0607,154.3,15.43,1.543,101122048,1543
11:54:37,31005,0,0,0x0000,UNB,Unb: unknown_31005,,0000000000000000,··,··,0000,0.0,0.00,0.000,0,0
11:54:37,31006,0,0,0x0000,UNB,Unb: unknown_31006,,0000000000000000,··,··,0000,0.0,0.00,0.000,0,0
11:54:37,31007,0,0,0x0000,UNB,Unb: unknown_31007,,0000000000000000,··,··,0000,0.0,0.00,0.000,0,0
11:54:37,31008,0,0,0x0000,UNB,Unb: unknown_31008,,0000000000000000,··,··,0000,0.0,0.00,0.000,0,0
11:54:37,31009,0,0,0x0000,UNB,Unb: unknown_31009,,0000000000000000,··,··,0000,0.0,0.00,0.000,,
11:54:37,32102,0,0,0x0000,UNB,Unb: unknown_32102,,0000000000000000,··,··,0000,0.0,0.00,0.000,,
11:54:38,32201,2496,2496,0x09C0,VERM,Verm: ac_voltage_2,249.600 V,0000100111000000,··,··,-,249.6,24.96,2.496,,
11:54:38,34001,0,0,0x0000,OK,pack1_bat_curr,0 A,0000000000000000,··,··,0000,0.0,0.00,0.000,,
11:54:38,34004,0,0,0x0000,VERM,Verm: pack1_charge_status,0,0000000000000000,··,··,0000,0.0,0.00,0.000,,
11:54:39,34101,0,0,0x0000,OK,pack2_bat_curr,0 A,0000000000000000,··,··,0000,0.0,0.00,0.000,,
11:54:39,34104,0,0,0x0000,VERM,Verm: pack2_charge_status,0,0000000000000000,··,··,0000,0.0,0.00,0.000,,
11:54:39,34204,0,0,0x0000,VERM,Verm: pack3_charge_status,0,0000000000000000,··,··,0000,0.0,0.00,0.000,,
11:54:39,34304,0,0,0x0000,VERM,Verm: pack4_charge_status,0,0000000000000000,··,··,0000,0.0,0.00,0.000,,
11:54:39,35011,238,238,0x00EE,VERM,Verm: pack1_env_ntc_mirror,23.800 °C,0000000011101110,··,··,-,23.8,2.38,0.238,,
11:54:40,35110,576,576,0x0240,VERM,Verm: max_charge_power,576,0000001001000000,·@,@·,0240,57.6,5.76,0.576,37748986,16384576
11:54:40,35111,250,250,0x00FA,VERM,Verm: power_level,250,0000000011111010,··,··,-,25.0,2.50,0.250,16384500,32768250
11:54:40,35112,500,500,0x01F4,VERM,Verm: max_discharge_power,500,0000000111110100,··,··,-,50.0,5.00,0.500,,
11:54:40,36101,0,0,0x0000,VERM,Verm: fault_status_2,0x0000,0000000000000000,··,··,0000,0.0,0.00,0.000,,
11:54:40,37000,1,1,0x0001,VERM,Verm: system_online,1,0000000000000001,··,··,0001,0.1,0.01,0.001,65536,1
11:54:40,37001,0,0,0x0000,UNB,Unb: ?,,0000000000000000,··,··,0000,0.0,0.00,0.000,0,0
11:54:40,37002,0,0,0x0000,UNB,Unb: ?,,0000000000000000,··,··,0000,0.0,0.00,0.000,0,0
11:54:40,37003,0,0,0x0000,UNB,Unb: ?,,0000000000000000,··,··,0000,0.0,0.00,0.000,2511,164560896
11:54:40,37004,2511,2511,0x09CF,OK,ac_power_target,2511 W,0000100111001111,··,··,-,251.1,25.11,2.511,,
11:54:40,37009,0,0,0x0000,UNB,Unb: ?,,0000000000000000,··,··,0000,0.0,0.00,0.000,0,0
11:54:40,37010,0,0,0x0000,UNB,Unb: ?,,0000000000000000,··,··,0000,0.0,0.00,0.000,0,0
11:54:40,37011,0,0,0x0000,UNB,Unb: ?,,0000000000000000,··,··,0000,0.0,0.00,0.000,118,7733248
11:54:40,37012,118,118,0x0076,VERM,Verm: bms_version_mirror,118,0000000001110110,·v,v·,0076,11.8,1.18,0.118,7733248,118
11:54:40,37013,0,0,0x0000,VERM,Verm: fault_status_mirror,0x0000,0000000000000000,··,··,0000,0.0,0.00,0.000,0,0
11:54:40,37014,0,0,0x0000,VERM,Verm: fault_status_2_mirror,0x0000,0000000000000000,··,··,0000,0.0,0.00,0.000,0,0
11:54:40,37015,0,0,0x0000,UNB,Unb: ?,,0000000000000000,··,··,0000,0.0,0.00,0.000,0,0
11:54:40,37016,0,0,0x0000,VERM,Verm: offgrid_ac_voltage,0 V,0000000000000000,··,··,0000,0.0,0.00,0.000,0,0
11:54:40,37017,0,0,0x0000,UNB,Unb: ?,,0000000000000000,··,··,0000,0.0,0.00,0.000,0,0
11:54:40,37018,0,0,0x0000,UNB,Unb: ?,,0000000000000000,··,··,0000,0.0,0.00,0.000,0,0
11:54:40,37019,0,0,0x0000,UNB,Unb: ?,,0000000000000000,··,··,0000,0.0,0.00,0.000,0,0
11:54:40,37020,0,0,0x0000,UNB,Unb: ?,,0000000000000000,··,··,0000,0.0,0.00,0.000,0,0
11:54:40,37021,0,0,0x0000,UNB,Unb: ?,,0000000000000000,··,··,0000,0.0,0.00,0.000,0,0
11:54:40,37022,0,0,0x0000,VERM,Verm: offgrid_dc_voltage,0 V,0000000000000000,··,··,0000,0.0,0.00,0.000,0,0
11:54:40,37023,0,0,0x0000,UNB,Unb: ?,,0000000000000000,··,··,0000,0.0,0.00,0.000,0,0
11:54:40,37024,0,0,0x0000,UNB,Unb: ?,,0000000000000000,··,··,0000,0.0,0.00,0.000,,
11:54:40,38000,0,0,0x0000,UNB,Unb: unknown_38000,,0000000000000000,··,··,0000,0.0,0.00,0.000,0,0
11:54:40,38001,0,0,0x0000,UNB,Unb: unknown_38001,,0000000000000000,··,··,0000,0.0,0.00,0.000,0,0
11:54:40,38002,0,0,0x0000,UNB,Unb: unknown_38002,,0000000000000000,··,··,0000,0.0,0.00,0.000,0,0
11:54:40,38003,0,0,0x0000,UNB,Unb: unknown_38003,,0000000000000000,··,··,0000,0.0,0.00,0.000,0,0
11:54:40,38004,0,0,0x0000,UNB,Unb: unknown_38004,,0000000000000000,··,··,0000,0.0,0.00,0.000,0,0
11:54:40,38005,0,0,0x0000,UNB,Unb: unknown_38005,,0000000000000000,··,··,0000,0.0,0.00,0.000,0,0
11:54:40,38006,0,0,0x0000,UNB,Unb: unknown_38006,,0000000000000000,··,··,0000,0.0,0.00,0.000,0,0
11:54:40,38007,0,0,0x0000,UNB,Unb: unknown_38007,,0000000000000000,··,··,0000,0.0,0.00,0.000,0,0
11:54:40,38008,0,0,0x0000,UNB,Unb: unknown_38008,,0000000000000000,··,··,0000,0.0,0.00,0.000,0,0
11:54:40,38009,0,0,0x0000,UNB,Unb: unknown_38009,,0000000000000000,··,··,0000,0.0,0.00,0.000,0,0
11:54:40,38010,0,0,0x0000,UNB,Unb: unknown_38010,,0000000000000000,··,··,0000,0.0,0.00,0.000,0,0
11:54:40,38011,0,0,0x0000,UNB,Unb: unknown_38011,,0000000000000000,··,··,0000,0.0,0.00,0.000,0,0
11:54:40,38012,0,0,0x0000,UNB,Unb: unknown_38012,,0000000000000000,··,··,0000,0.0,0.00,0.000,0,0
11:54:40,38013,0,0,0x0000,UNB,Unb: unknown_38013,,0000000000000000,··,··,0000,0.0,0.00,0.000,0,0
11:54:40,38014,0,0,0x0000,UNB,Unb: unknown_38014,,0000000000000000,··,··,0000,0.0,0.00,0.000,,
11:54:40,41000,0,0,0x0000,VERM,Verm: reset_device,,0000000000000000,··,··,0000,0.0,0.00,0.000,,
11:54:40,41100,1,1,0x0001,VERM,Verm: modbus_address,,0000000000000001,··,··,0001,0.1,0.01,0.001,,
11:54:41,41200,1,1,0x0001,VERM,Verm: backup_function,,0000000000000001,··,··,0001,0.1,0.01,0.001,,
11:54:41,42010,2,2,0x0002,VERM,Verm: force_mode,2,0000000000000010,··,··,0002,0.2,0.02,0.002,131072,2
11:54:41,42011,0,0,0x0000,VERM,Verm: charge_to_soc,0 %,0000000000000000,··,··,0000,0.0,0.00,0.000,,
11:54:41,42020,0,0,0x0000,VERM,Verm: set_charge_power,0 W,0000000000000000,··,··,0000,0.0,0.00,0.000,,
11:54:41,43000,1,1,0x0001,VERM,Verm: user_work_mode,1,0000000000000001,··,··,0001,0.1,0.01,0.001,,
11:54:41,43101,0,0,0x0000,VERM,Verm: schedule_1_start,00:00,0000000000000000,··,··,0000,0.0,0.00,0.000,,
11:54:41,43105,0,0,0x0000,VERM,Verm: schedule_2_days,0x0000,0000000000000000,··,··,0000,0.0,0.00,0.000,0,0
11:54:41,43106,0,0,0x0000,VERM,Verm: schedule_2_start,00:00,0000000000000000,··,··,0000,0.0,0.00,0.000,0,0
11:54:41,43107,0,0,0x0000,VERM,Verm: schedule_2_end,00:00,0000000000000000,··,··,0000,0.0,0.00,0.000,0,0
11:54:41,43108,0,0,0x0000,VERM,Verm: schedule_2_mode,0 W,0000000000000000,··,··,0000,0.0,0.00,0.000,0,0
11:54:41,43109,0,0,0x0000,VERM,Verm: schedule_2_enabled,0,0000000000000000,··,··,0000,0.0,0.00,0.000,0,0
11:54:41,43110,0,0,0x0000,VERM,Verm: schedule_3_days,0x0000,0000000000000000,··,··,0000,0.0,0.00,0.000,0,0
11:54:41,43111,0,0,0x0000,VERM,Verm: schedule_3_start,00:00,0000000000000000,··,··,0000,0.0,0.00,0.000,0,0
11:54:41,43112,0,0,0x0000,VERM,Verm: schedule_3_end,00:00,0000000000000000,··,··,0000,0.0,0.00,0.000,0,0
11:54:41,43113,0,0,0x0000,VERM,Verm: schedule_3_mode,0 W,0000000000000000,··,··,0000,0.0,0.00,0.000,0,0
11:54:41,43114,0,0,0x0000,VERM,Verm: schedule_3_enabled,0,0000000000000000,··,··,0000,0.0,0.00,0.000,0,0
11:54:41,43115,0,0,0x0000,VERM,Verm: schedule_4_days,0x0000,0000000000000000,··,··,0000,0.0,0.00,0.000,0,0
11:54:41,43116,0,0,0x0000,VERM,Verm: schedule_4_start,00:00,0000000000000000,··,··,0000,0.0,0.00,0.000,0,0
11:54:41,43117,0,0,0x0000,VERM,Verm: schedule_4_end,00:00,0000000000000000,··,··,0000,0.0,0.00,0.000,0,0
11:54:41,43118,0,0,0x0000,VERM,Verm: schedule_4_mode,0 W,0000000000000000,··,··,0000,0.0,0.00,0.000,0,0
11:54:41,43119,0,0,0x0000,VERM,Verm: schedule_4_enabled,0,0000000000000000,··,··,0000,0.0,0.00,0.000,0,0
11:54:41,43120,0,0,0x0000,VERM,Verm: schedule_5_days,0x0000,0000000000000000,··,··,0000,0.0,0.00,0.000,0,0
11:54:41,43121,0,0,0x0000,VERM,Verm: schedule_5_start,00:00,0000000000000000,··,··,0000,0.0,0.00,0.000,0,0
11:54:41,43122,0,0,0x0000,VERM,Verm: schedule_5_end,00:00,0000000000000000,··,··,0000,0.0,0.00,0.000,0,0
11:54:41,43123,0,0,0x0000,VERM,Verm: schedule_5_mode,0 W,0000000000000000,··,··,0000,0.0,0.00,0.000,0,0
11:54:41,43124,0,0,0x0000,VERM,Verm: schedule_5_enabled,0,0000000000000000,··,··,0000,0.0,0.00,0.000,0,0
11:54:41,43125,0,0,0x0000,VERM,Verm: schedule_6_days,0x0000,0000000000000000,··,··,0000,0.0,0.00,0.000,0,0
11:54:41,43126,0,0,0x0000,VERM,Verm: schedule_6_start,00:00,0000000000000000,··,··,0000,0.0,0.00,0.000,0,0
11:54:41,43127,0,0,0x0000,VERM,Verm: schedule_6_end,00:00,0000000000000000,··,··,0000,0.0,0.00,0.000,0,0
11:54:41,43128,0,0,0x0000,VERM,Verm: schedule_6_mode,0 W,0000000000000000,··,··,0000,0.0,0.00,0.000,0,0
11:54:41,43129,0,0,0x0000,VERM,Verm: schedule_6_enabled,0,0000000000000000,··,··,0000,0.0,0.00,0.000,,
11:54:42,44002,0,0,0x0000,VERM,Verm: max_charge_power,0 W,0000000000000000,··,··,0000,0.0,0.00,0.000,0,0
11:54:42,44003,0,0,0x0000,VERM,Verm: max_discharge_power,0 W,0000000000000000,··,··,0000,0.0,0.00,0.000,,
11:54:52,30001,62880,-2656,0xF5A0,OK,battery_power,-2656 W,1111010110100000,··,··,-,6288.0,628.80,62.880,,
11:54:52,30006,2511,2511,0x09CF,OK,ac_power,2511 W,0000100111001111,··,··,-,251.1,25.11,2.511,,
11:54:52,30010,0,0,0x0000,UNB,Unb: ?,,0000000000000000,··,··,0000,0.0,0.00,0.000,,
11:54:52,30020,100,100,0x0064,VERM,Verm: mppt1_voltage,10 V,0000000001100100,·d,d·,0064,10.0,1.00,0.100,6553699,6488164
11:54:52,30021,99,99,0x0063,VERM,Verm: mppt2_voltage,9.900 V,0000000001100011,·c,c·,0063,9.9,0.99,0.099,6488163,6488163
11:54:52,30022,99,99,0x0063,VERM,Verm: mppt3_voltage,9.900 V,0000000001100011,·c,c·,0063,9.9,0.99,0.099,6488163,6488163
11:54:52,30023,99,99,0x0063,VERM,Verm: mppt4_voltage,9.900 V,0000000001100011,·c,c·,0063,9.9,0.99,0.099,6488064,99
11:54:52,30024,0,0,0x0000,VERM,Verm: mppt1_current,0 A,0000000000000000,··,··,0000,0.0,0.00,0.000,0,0
11:54:52,30025,0,0,0x0000,VERM,Verm: mppt2_current,0 A,0000000000000000,··,··,0000,0.0,0.00,0.000,0,0
11:54:52,30026,0,0,0x0000,VERM,Verm: mppt3_current,0 A,0000000000000000,··,··,0000,0.0,0.00,0.000,0,0
11:54:52,30027,0,0,0x0000,VERM,Verm: mppt4_current,0 A,0000000000000000,··,··,0000,0.0,0.00,0.000,,
11:54:52,30029,65516,-20,0xFFEC,VERM,Verm: battery_power_factor,-20,1111111111101100,··,··,-,6551.6,655.16,65.516,4293656576,65516
11:54:52,30030,0,0,0x0000,UNB,Unb: ?,,0000000000000000,··,··,0000,0.0,0.00,0.000,0,0
11:54:52,30031,0,0,0x0000,UNB,Unb: ?,,0000000000000000,··,··,0000,0.0,0.00,0.000,0,0
11:54:52,30032,0,0,0x0000,UNB,Unb: ?,,0000000000000000,··,··,0000,0.0,0.00,0.000,0,0
11:54:52,30033,0,0,0x0000,UNB,Unb: ?,,0000000000000000,··,··,0000,0.0,0.00,0.000,0,0
11:54:52,30034,0,0,0x0000,UNB,Unb: ?,,0000000000000000,··,··,0000,0.0,0.00,0.000,0,0
11:54:52,30035,0,0,0x0000,UNB,Unb: ?,,0000000000000000,··,··,0000,0.0,0.00,0.000,219,14352384
11:54:52,30036,219,219,0x00DB,VERM,Verm: hardware_version,219,0000000011011011,··,··,-,21.9,2.19,0.219,14352384,219
11:54:52,30037,0,0,0x0000,VERM,Verm: mppt1_power,0 W,0000000000000000,··,··,0000,0.0,0.00,0.000,0,0
11:54:52,30038,0,0,0x0000,VERM,Verm: mppt2_power,0 W,0000000000000000,··,··,0000,0.0,0.00,0.000,0,0
11:54:52,30039,0,0,0x0000,VERM,Verm: mppt3_power,0 W,0000000000000000,··,··,0000,0.0,0.00,0.000,0,0
11:54:52,30040,0,0,0x0000,VERM,Verm: mppt4_power,0 W,0000000000000000,··,··,0000,0.0,0.00,0.000,,
11:54:53,30100,5330,5330,0x14D2,VERM,Verm: battery_voltage,53.300 V,0001010011010010,··,··,-,533.0,53.30,5.330,349306880,5330
11:54:53,30101,0,0,0x0000,VERM,Verm: pack1_current_mirror,0 A,0000000000000000,··,··,0000,0.0,0.00,0.000,,
11:54:53,30106,0,0,0x0000,UNB,Unb: ?,,0000000000000000,··,··,0000,0.0,0.00,0.000,,
11:54:53,30109,0,0,0x0000,UNB,Unb: ?,,0000000000000000,··,··,0000,0.0,0.00,0.000,0,0
11:54:53,30110,0,0,0x0000,UNB,Unb: ?,,0000000000000000,··,··,0000,0.0,0.00,0.000,,
11:54:53,30201,18,18,0x0012,UNB,Unb: unknown_30201,18,0000000000010010,··,··,0012,1.8,0.18,0.018,,
11:54:53,30203,106,106,0x006A,UNB,Unb: unknown_30203,106,0000000001101010,·j,j·,-,10.6,1.06,0.106,,
11:54:53,30210,0,0,0x0000,VERM,Verm: active_pack_charge_status,0,0000000000000000,··,··,0000,0.0,0.00,0.000,0,0
11:54:53,30211,0,0,0x0000,UNB,Unb: ?,,0000000000000000,··,··,0000,0.0,0.00,0.000,5,327680
11:54:53,30212,5,5,0x0005,VERM,Verm: pack_config,5,0000000000000101,··,··,0005,0.5,0.05,0.005,327680,5
11:54:53,30213,0,0,0x0000,UNB,Unb: ?,,0000000000000000,··,··,0000,0.0,0.00,0.000,0,0
11:54:53,30214,0,0,0x0000,UNB,Unb: ?,,0000000000000000,··,··,0000,0.0,0.00,0.000,,
11:54:54,30300,1,1,0x0001,VERM,Verm: wifi_status,1,0000000000000001,··,··,0001,0.1,0.01,0.001,65537,65537
11:54:54,30301,1,1,0x0001,VERM,Verm: active_inverter_state,1,0000000000000001,··,··,0001,0.1,0.01,0.001,65536,1
11:54:54,30302,0,0,0x0000,VERM,Verm: cloud_status,0,0000000000000000,··,··,0000,0.0,0.00,0.000,61,3997696
11:54:54,30303,61,61,0x003D,VERM,Verm: wifi_signal_strength,-61 dBm,0000000000111101,·=,=·,-,6.1,0.61,0.061,,
11:54:54,30400,49320,-16216,0xC0A8,UNB,Unb: ip_address,192.168,1100000010101000,··,··,-,4932.0,493.20,49.320,,
11:54:54,31003,5,5,0x0005,VERM,Verm: pack_dependent_31003,5,0000000000000101,··,··,0005,0.5,0.05,0.005,329223,101122053
11:54:54,31004,1543,1543,0x0607,VERM,Verm: pack_dependent_31004,1543,0000011000000111,··,··,0607,154.3,15.43,1.543,101122048,1543
11:54:54,31005,0,0,0x0000,UNB,Unb: unknown_31005,,0000000000000000,··,··,0000,0.0,0.00,0.000,0,0
11:54:54,31006,0,0,0x0000,UNB,Unb: unknown_31006,,0000000000000000,··,··,0000,0.0,0.00,0.000,0,0
11:54:54,31007,0,0,0x0000,UNB,Unb: unknown_31007,,0000000000000000,··,··,0000,0.0,0.00,0.000,0,0
11:54:54,31008,0,0,0x0000,UNB,Unb: unknown_31008,,0000000000000000,··,··,0000,0.0,0.00,0.000,0,0
11:54:54,31009,0,0,0x0000,UNB,Unb: unknown_31009,,0000000000000000,··,··,0000,0.0,0.00,0.000,,
11:54:54,32102,0,0,0x0000,UNB,Unb: unknown_32102,,0000000000000000,··,··,0000,0.0,0.00,0.000,,
11:54:54,32201,2483,2483,0x09B3,VERM,Verm: ac_voltage_2,248.300 V,0000100110110011,··,··,-,248.3,24.83,2.483,,
11:54:54,34001,0,0,0x0000,OK,pack1_bat_curr,0 A,0000000000000000,··,··,0000,0.0,0.00,0.000,,
11:54:54,34004,0,0,0x0000,VERM,Verm: pack1_charge_status,0,0000000000000000,··,··,0000,0.0,0.00,0.000,,
11:54:55,34101,0,0,0x0000,OK,pack2_bat_curr,0 A,0000000000000000,··,··,0000,0.0,0.00,0.000,,
11:54:55,34104,0,0,0x0000,VERM,Verm: pack2_charge_status,0,0000000000000000,··,··,0000,0.0,0.00,0.000,,
11:54:55,34204,0,0,0x0000,VERM,Verm: pack3_charge_status,0,0000000000000000,··,··,0000,0.0,0.00,0.000,,
11:54:55,34304,0,0,0x0000,VERM,Verm: pack4_charge_status,0,0000000000000000,··,··,0000,0.0,0.00,0.000,,
11:54:55,35011,238,238,0x00EE,VERM,Verm: pack1_env_ntc_mirror,23.800 °C,0000000011101110,··,··,-,23.8,2.38,0.238,,
11:54:55,35110,576,576,0x0240,VERM,Verm: max_charge_power,576,0000001001000000,·@,@·,0240,57.6,5.76,0.576,37748986,16384576
11:54:55,35111,250,250,0x00FA,VERM,Verm: power_level,250,0000000011111010,··,··,-,25.0,2.50,0.250,16384500,32768250
11:54:55,35112,500,500,0x01F4,VERM,Verm: max_discharge_power,500,0000000111110100,··,··,-,50.0,5.00,0.500,,
11:54:56,36101,0,0,0x0000,VERM,Verm: fault_status_2,0x0000,0000000000000000,··,··,0000,0.0,0.00,0.000,,
11:54:56,37000,1,1,0x0001,VERM,Verm: system_online,1,0000000000000001,··,··,0001,0.1,0.01,0.001,65536,1
11:54:56,37001,0,0,0x0000,UNB,Unb: ?,,0000000000000000,··,··,0000,0.0,0.00,0.000,0,0
11:54:56,37002,0,0,0x0000,UNB,Unb: ?,,0000000000000000,··,··,0000,0.0,0.00,0.000,0,0
11:54:56,37003,0,0,0x0000,UNB,Unb: ?,,0000000000000000,··,··,0000,0.0,0.00,0.000,2511,164560896
11:54:56,37004,2511,2511,0x09CF,OK,ac_power_target,2511 W,0000100111001111,··,··,-,251.1,25.11,2.511,,
11:54:56,37009,0,0,0x0000,UNB,Unb: ?,,0000000000000000,··,··,0000,0.0,0.00,0.000,0,0
11:54:56,37010,0,0,0x0000,UNB,Unb: ?,,0000000000000000,··,··,0000,0.0,0.00,0.000,0,0
11:54:56,37011,0,0,0x0000,UNB,Unb: ?,,0000000000000000,··,··,0000,0.0,0.00,0.000,118,7733248
11:54:56,37012,118,118,0x0076,VERM,Verm: bms_version_mirror,118,0000000001110110,·v,v·,0076,11.8,1.18,0.118,7733248,118
11:54:56,37013,0,0,0x0000,VERM,Verm: fault_status_mirror,0x0000,0000000000000000,··,··,0000,0.0,0.00,0.000,0,0
11:54:56,37014,0,0,0x0000,VERM,Verm: fault_status_2_mirror,0x0000,0000000000000000,··,··,0000,0.0,0.00,0.000,0,0
11:54:56,37015,0,0,0x0000,UNB,Unb: ?,,0000000000000000,··,··,0000,0.0,0.00,0.000,0,0
11:54:56,37016,0,0,0x0000,VERM,Verm: offgrid_ac_voltage,0 V,0000000000000000,··,··,0000,0.0,0.00,0.000,0,0
11:54:56,37017,0,0,0x0000,UNB,Unb: ?,,0000000000000000,··,··,0000,0.0,0.00,0.000,0,0
11:54:56,37018,0,0,0x0000,UNB,Unb: ?,,0000000000000000,··,··,0000,0.0,0.00,0.000,0,0
11:54:56,37019,0,0,0x0000,UNB,Unb: ?,,0000000000000000,··,··,0000,0.0,0.00,0.000,0,0
11:54:56,37020,0,0,0x0000,UNB,Unb: ?,,0000000000000000,··,··,0000,0.0,0.00,0.000,0,0
11:54:56,37021,0,0,0x0000,UNB,Unb: ?,,0000000000000000,··,··,0000,0.0,0.00,0.000,0,0
11:54:56,37022,0,0,0x0000,VERM,Verm: offgrid_dc_voltage,0 V,0000000000000000,··,··,0000,0.0,0.00,0.000,0,0
11:54:56,37023,0,0,0x0000,UNB,Unb: ?,,0000000000000000,··,··,0000,0.0,0.00,0.000,0,0
11:54:56,37024,0,0,0x0000,UNB,Unb: ?,,0000000000000000,··,··,0000,0.0,0.00,0.000,,
11:54:56,38000,0,0,0x0000,UNB,Unb: unknown_38000,,0000000000000000,··,··,0000,0.0,0.00,0.000,0,0
11:54:56,38001,0,0,0x0000,UNB,Unb: unknown_38001,,0000000000000000,··,··,0000,0.0,0.00,0.000,0,0
11:54:56,38002,0,0,0x0000,UNB,Unb: unknown_38002,,0000000000000000,··,··,0000,0.0,0.00,0.000,0,0
11:54:56,38003,0,0,0x0000,UNB,Unb: unknown_38003,,0000000000000000,··,··,0000,0.0,0.00,0.000,0,0
11:54:56,38004,0,0,0x0000,UNB,Unb: unknown_38004,,0000000000000000,··,··,0000,0.0,0.00,0.000,0,0
11:54:56,38005,0,0,0x0000,UNB,Unb: unknown_38005,,0000000000000000,··,··,0000,0.0,0.00,0.000,0,0
11:54:56,38006,0,0,0x0000,UNB,Unb: unknown_38006,,0000000000000000,··,··,0000,0.0,0.00,0.000,0,0
11:54:56,38007,0,0,0x0000,UNB,Unb: unknown_38007,,0000000000000000,··,··,0000,0.0,0.00,0.000,0,0
11:54:56,38008,0,0,0x0000,UNB,Unb: unknown_38008,,0000000000000000,··,··,0000,0.0,0.00,0.000,0,0
11:54:56,38009,0,0,0x0000,UNB,Unb: unknown_38009,,0000000000000000,··,··,0000,0.0,0.00,0.000,0,0
11:54:56,38010,0,0,0x0000,UNB,Unb: unknown_38010,,0000000000000000,··,··,0000,0.0,0.00,0.000,0,0
11:54:56,38011,0,0,0x0000,UNB,Unb: unknown_38011,,0000000000000000,··,··,0000,0.0,0.00,0.000,0,0
11:54:56,38012,0,0,0x0000,UNB,Unb: unknown_38012,,0000000000000000,··,··,0000,0.0,0.00,0.000,0,0
11:54:56,38013,0,0,0x0000,UNB,Unb: unknown_38013,,0000000000000000,··,··,0000,0.0,0.00,0.000,0,0
11:54:56,38014,0,0,0x0000,UNB,Unb: unknown_38014,,0000000000000000,··,··,0000,0.0,0.00,0.000,,
11:54:56,41000,0,0,0x0000,VERM,Verm: reset_device,,0000000000000000,··,··,0000,0.0,0.00,0.000,,
11:54:56,41100,1,1,0x0001,VERM,Verm: modbus_address,,0000000000000001,··,··,0001,0.1,0.01,0.001,,
11:54:57,41200,1,1,0x0001,VERM,Verm: backup_function,,0000000000000001,··,··,0001,0.1,0.01,0.001,,
11:54:57,42010,2,2,0x0002,VERM,Verm: force_mode,2,0000000000000010,··,··,0002,0.2,0.02,0.002,131072,2
11:54:57,42011,0,0,0x0000,VERM,Verm: charge_to_soc,0 %,0000000000000000,··,··,0000,0.0,0.00,0.000,,
11:54:57,42020,0,0,0x0000,VERM,Verm: set_charge_power,0 W,0000000000000000,··,··,0000,0.0,0.00,0.000,,
11:54:57,43000,1,1,0x0001,VERM,Verm: user_work_mode,1,0000000000000001,··,··,0001,0.1,0.01,0.001,,
11:54:57,43101,0,0,0x0000,VERM,Verm: schedule_1_start,00:00,0000000000000000,··,··,0000,0.0,0.00,0.000,,
11:54:57,43105,0,0,0x0000,VERM,Verm: schedule_2_days,0x0000,0000000000000000,··,··,0000,0.0,0.00,0.000,0,0
11:54:57,43106,0,0,0x0000,VERM,Verm: schedule_2_start,00:00,0000000000000000,··,··,0000,0.0,0.00,0.000,0,0
11:54:57,43107,0,0,0x0000,VERM,Verm: schedule_2_end,00:00,0000000000000000,··,··,0000,0.0,0.00,0.000,0,0
11:54:57,43108,0,0,0x0000,VERM,Verm: schedule_2_mode,0 W,0000000000000000,··,··,0000,0.0,0.00,0.000,0,0
11:54:57,43109,0,0,0x0000,VERM,Verm: schedule_2_enabled,0,0000000000000000,··,··,0000,0.0,0.00,0.000,0,0
11:54:57,43110,0,0,0x0000,VERM,Verm: schedule_3_days,0x0000,0000000000000000,··,··,0000,0.0,0.00,0.000,0,0
11:54:57,43111,0,0,0x0000,VERM,Verm: schedule_3_start,00:00,0000000000000000,··,··,0000,0.0,0.00,0.000,0,0
11:54:57,43112,0,0,0x0000,VERM,Verm: schedule_3_end,00:00,0000000000000000,··,··,0000,0.0,0.00,0.000,0,0
11:54:57,43113,0,0,0x0000,VERM,Verm: schedule_3_mode,0 W,0000000000000000,··,··,0000,0.0,0.00,0.000,0,0
11:54:57,43114,0,0,0x0000,VERM,Verm: schedule_3_enabled,0,0000000000000000,··,··,0000,0.0,0.00,0.000,0,0
11:54:57,43115,0,0,0x0000,VERM,Verm: schedule_4_days,0x0000,0000000000000000,··,··,0000,0.0,0.00,0.000,0,0
11:54:57,43116,0,0,0x0000,VERM,Verm: schedule_4_start,00:00,0000000000000000,··,··,0000,0.0,0.00,0.000,0,0
11:54:57,43117,0,0,0x0000,VERM,Verm: schedule_4_end,00:00,0000000000000000,··,··,0000,0.0,0.00,0.000,0,0
11:54:57,43118,0,0,0x0000,VERM,Verm: schedule_4_mode,0 W,0000000000000000,··,··,0000,0.0,0.00,0.000,0,0
11:54:57,43119,0,0,0x0000,VERM,Verm: schedule_4_enabled,0,0000000000000000,··,··,0000,0.0,0.00,0.000,0,0
11:54:57,43120,0,0,0x0000,VERM,Verm: schedule_5_days,0x0000,0000000000000000,··,··,0000,0.0,0.00,0.000,0,0
11:54:57,43121,0,0,0x0000,VERM,Verm: schedule_5_start,00:00,0000000000000000,··,··,0000,0.0,0.00,0.000,0,0
11:54:57,43122,0,0,0x0000,VERM,Verm: schedule_5_end,00:00,0000000000000000,··,··,0000,0.0,0.00,0.000,0,0
11:54:57,43123,0,0,0x0000,VERM,Verm: schedule_5_mode,0 W,0000000000000000,··,··,0000,0.0,0.00,0.000,0,0
11:54:57,43124,0,0,0x0000,VERM,Verm: schedule_5_enabled,0,0000000000000000,··,··,0000,0.0,0.00,0.000,0,0
11:54:57,43125,0,0,0x0000,VERM,Verm: schedule_6_days,0x0000,0000000000000000,··,··,0000,0.0,0.00,0.000,0,0
11:54:57,43126,0,0,0x0000,VERM,Verm: schedule_6_start,00:00,0000000000000000,··,··,0000,0.0,0.00,0.000,0,0
11:54:57,43127,0,0,0x0000,VERM,Verm: schedule_6_end,00:00,0000000000000000,··,··,0000,0.0,0.00,0.000,0,0
11:54:57,43128,0,0,0x0000,VERM,Verm: schedule_6_mode,0 W,0000000000000000,··,··,0000,0.0,0.00,0.000,0,0
11:54:57,43129,0,0,0x0000,VERM,Verm: schedule_6_enabled,0,0000000000000000,··,··,0000,0.0,0.00,0.000,,
11:54:58,44002,0,0,0x0000,VERM,Verm: max_charge_power,0 W,0000000000000000,··,··,0000,0.0,0.00,0.000,0,0
11:54:58,44003,0,0,0x0000,VERM,Verm: max_discharge_power,0 W,0000000000000000,··,··,0000,0.0,0.00,0.000,,
11:55:08,30001,62881,-2655,0xF5A1,OK,battery_power,-2655 W,1111010110100001,··,··,-,6288.1,628.81,62.881,,
11:55:08,30006,2511,2511,0x09CF,OK,ac_power,2511 W,0000100111001111,··,··,-,251.1,25.11,2.511,,
11:55:08,30010,0,0,0x0000,UNB,Unb: ?,,0000000000000000,··,··,0000,0.0,0.00,0.000,,
11:55:08,30020,100,100,0x0064,VERM,Verm: mppt1_voltage,10 V,0000000001100100,·d,d·,0064,10.0,1.00,0.100,6553699,6488164
11:55:08,30021,99,99,0x0063,VERM,Verm: mppt2_voltage,9.900 V,0000000001100011,·c,c·,0063,9.9,0.99,0.099,6488163,6488163
11:55:08,30022,99,99,0x0063,VERM,Verm: mppt3_voltage,9.900 V,0000000001100011,·c,c·,0063,9.9,0.99,0.099,6488163,6488163
11:55:08,30023,99,99,0x0063,VERM,Verm: mppt4_voltage,9.900 V,0000000001100011,·c,c·,0063,9.9,0.99,0.099,6488064,99
11:55:08,30024,0,0,0x0000,VERM,Verm: mppt1_current,0 A,0000000000000000,··,··,0000,0.0,0.00,0.000,0,0
11:55:08,30025,0,0,0x0000,VERM,Verm: mppt2_current,0 A,0000000000000000,··,··,0000,0.0,0.00,0.000,0,0
11:55:08,30026,0,0,0x0000,VERM,Verm: mppt3_current,0 A,0000000000000000,··,··,0000,0.0,0.00,0.000,0,0
11:55:08,30027,0,0,0x0000,VERM,Verm: mppt4_current,0 A,0000000000000000,··,··,0000,0.0,0.00,0.000,,
11:55:08,30029,65516,-20,0xFFEC,VERM,Verm: battery_power_factor,-20,1111111111101100,··,··,-,6551.6,655.16,65.516,4293656576,65516
11:55:08,30030,0,0,0x0000,UNB,Unb: ?,,0000000000000000,··,··,0000,0.0,0.00,0.000,0,0
11:55:08,30031,0,0,0x0000,UNB,Unb: ?,,0000000000000000,··,··,0000,0.0,0.00,0.000,0,0
11:55:08,30032,0,0,0x0000,UNB,Unb: ?,,0000000000000000,··,··,0000,0.0,0.00,0.000,0,0
11:55:08,30033,0,0,0x0000,UNB,Unb: ?,,0000000000000000,··,··,0000,0.0,0.00,0.000,0,0
11:55:08,30034,0,0,0x0000,UNB,Unb: ?,,0000000000000000,··,··,0000,0.0,0.00,0.000,0,0
11:55:08,30035,0,0,0x0000,UNB,Unb: ?,,0000000000000000,··,··,0000,0.0,0.00,0.000,219,14352384
11:55:08,30036,219,219,0x00DB,VERM,Verm: hardware_version,219,0000000011011011,··,··,-,21.9,2.19,0.219,14352384,219
11:55:08,30037,0,0,0x0000,VERM,Verm: mppt1_power,0 W,0000000000000000,··,··,0000,0.0,0.00,0.000,0,0
11:55:08,30038,0,0,0x0000,VERM,Verm: mppt2_power,0 W,0000000000000000,··,··,0000,0.0,0.00,0.000,0,0
11:55:08,30039,0,0,0x0000,VERM,Verm: mppt3_power,0 W,0000000000000000,··,··,0000,0.0,0.00,0.000,0,0
11:55:08,30040,0,0,0x0000,VERM,Verm: mppt4_power,0 W,0000000000000000,··,··,0000,0.0,0.00,0.000,,
11:55:09,30100,5330,5330,0x14D2,VERM,Verm: battery_voltage,53.300 V,0001010011010010,··,··,-,533.0,53.30,5.330,349306880,5330
11:55:09,30101,0,0,0x0000,VERM,Verm: pack1_current_mirror,0 A,0000000000000000,··,··,0000,0.0,0.00,0.000,,
11:55:09,30106,0,0,0x0000,UNB,Unb: ?,,0000000000000000,··,··,0000,0.0,0.00,0.000,,
11:55:09,30109,0,0,0x0000,UNB,Unb: ?,,0000000000000000,··,··,0000,0.0,0.00,0.000,0,0
11:55:09,30110,0,0,0x0000,UNB,Unb: ?,,0000000000000000,··,··,0000,0.0,0.00,0.000,,
11:55:09,30201,18,18,0x0012,UNB,Unb: unknown_30201,18,0000000000010010,··,··,0012,1.8,0.18,0.018,,
11:55:09,30203,106,106,0x006A,UNB,Unb: unknown_30203,106,0000000001101010,·j,j·,-,10.6,1.06,0.106,,
11:55:09,30210,0,0,0x0000,VERM,Verm: active_pack_charge_status,0,0000000000000000,··,··,0000,0.0,0.00,0.000,0,0
11:55:09,30211,0,0,0x0000,UNB,Unb: ?,,0000000000000000,··,··,0000,0.0,0.00,0.000,5,327680
11:55:09,30212,5,5,0x0005,VERM,Verm: pack_config,5,0000000000000101,··,··,0005,0.5,0.05,0.005,327680,5
11:55:09,30213,0,0,0x0000,UNB,Unb: ?,,0000000000000000,··,··,0000,0.0,0.00,0.000,0,0
11:55:09,30214,0,0,0x0000,UNB,Unb: ?,,0000000000000000,··,··,0000,0.0,0.00,0.000,,
11:55:09,30300,1,1,0x0001,VERM,Verm: wifi_status,1,0000000000000001,··,··,0001,0.1,0.01,0.001,65537,65537
11:55:09,30301,1,1,0x0001,VERM,Verm: active_inverter_state,1,0000000000000001,··,··,0001,0.1,0.01,0.001,65536,1
11:55:09,30302,0,0,0x0000,VERM,Verm: cloud_status,0,0000000000000000,··,··,0000,0.0,0.00,0.000,61,3997696
11:55:09,30303,61,61,0x003D,VERM,Verm: wifi_signal_strength,-61 dBm,0000000000111101,·=,=·,-,6.1,0.61,0.061,,
11:55:10,30400,49320,-16216,0xC0A8,UNB,Unb: ip_address,192.168,1100000010101000,··,··,-,4932.0,493.20,49.320,,
11:55:10,31003,5,5,0x0005,VERM,Verm: pack_dependent_31003,5,0000000000000101,··,··,0005,0.5,0.05,0.005,329223,101122053
11:55:10,31004,1543,1543,0x0607,VERM,Verm: pack_dependent_31004,1543,0000011000000111,··,··,0607,154.3,15.43,1.543,101122048,1543
11:55:10,31005,0,0,0x0000,UNB,Unb: unknown_31005,,0000000000000000,··,··,0000,0.0,0.00,0.000,0,0
11:55:10,31006,0,0,0x0000,UNB,Unb: unknown_31006,,0000000000000000,··,··,0000,0.0,0.00,0.000,0,0
11:55:10,31007,0,0,0x0000,UNB,Unb: unknown_31007,,0000000000000000,··,··,0000,0.0,0.00,0.000,0,0
11:55:10,31008,0,0,0x0000,UNB,Unb: unknown_31008,,0000000000000000,··,··,0000,0.0,0.00,0.000,0,0
11:55:10,31009,0,0,0x0000,UNB,Unb: unknown_31009,,0000000000000000,··,··,0000,0.0,0.00,0.000,,
11:55:10,32102,0,0,0x0000,UNB,Unb: unknown_32102,,0000000000000000,··,··,0000,0.0,0.00,0.000,,
11:55:10,32201,2488,2488,0x09B8,VERM,Verm: ac_voltage_2,248.800 V,0000100110111000,··,··,-,248.8,24.88,2.488,,
11:55:10,34001,0,0,0x0000,OK,pack1_bat_curr,0 A,0000000000000000,··,··,0000,0.0,0.00,0.000,,
11:55:10,34004,0,0,0x0000,VERM,Verm: pack1_charge_status,0,0000000000000000,··,··,0000,0.0,0.00,0.000,,
11:55:11,34101,0,0,0x0000,OK,pack2_bat_curr,0 A,0000000000000000,··,··,0000,0.0,0.00,0.000,,
11:55:11,34104,0,0,0x0000,VERM,Verm: pack2_charge_status,0,0000000000000000,··,··,0000,0.0,0.00,0.000,,
11:55:11,34204,0,0,0x0000,VERM,Verm: pack3_charge_status,0,0000000000000000,··,··,0000,0.0,0.00,0.000,,
11:55:11,34304,0,0,0x0000,VERM,Verm: pack4_charge_status,0,0000000000000000,··,··,0000,0.0,0.00,0.000,,
11:55:11,35011,238,238,0x00EE,VERM,Verm: pack1_env_ntc_mirror,23.800 °C,0000000011101110,··,··,-,23.8,2.38,0.238,,
11:55:11,35110,576,576,0x0240,VERM,Verm: max_charge_power,576,0000001001000000,·@,@·,0240,57.6,5.76,0.576,37748986,16384576
11:55:11,35111,250,250,0x00FA,VERM,Verm: power_level,250,0000000011111010,··,··,-,25.0,2.50,0.250,16384500,32768250
11:55:11,35112,500,500,0x01F4,VERM,Verm: max_discharge_power,500,0000000111110100,··,··,-,50.0,5.00,0.500,,
11:55:12,36101,0,0,0x0000,VERM,Verm: fault_status_2,0x0000,0000000000000000,··,··,0000,0.0,0.00,0.000,,
11:55:12,37000,1,1,0x0001,VERM,Verm: system_online,1,0000000000000001,··,··,0001,0.1,0.01,0.001,65536,1
11:55:12,37001,0,0,0x0000,UNB,Unb: ?,,0000000000000000,··,··,0000,0.0,0.00,0.000,0,0
11:55:12,37002,0,0,0x0000,UNB,Unb: ?,,0000000000000000,··,··,0000,0.0,0.00,0.000,0,0
11:55:12,37003,0,0,0x0000,UNB,Unb: ?,,0000000000000000,··,··,0000,0.0,0.00,0.000,2511,164560896
11:55:12,37004,2511,2511,0x09CF,OK,ac_power_target,2511 W,0000100111001111,··,··,-,251.1,25.11,2.511,,
11:55:12,37009,0,0,0x0000,UNB,Unb: ?,,0000000000000000,··,··,0000,0.0,0.00,0.000,0,0
11:55:12,37010,0,0,0x0000,UNB,Unb: ?,,0000000000000000,··,··,0000,0.0,0.00,0.000,0,0
11:55:12,37011,0,0,0x0000,UNB,Unb: ?,,0000000000000000,··,··,0000,0.0,0.00,0.000,118,7733248
11:55:12,37012,118,118,0x0076,VERM,Verm: bms_version_mirror,118,0000000001110110,·v,v·,0076,11.8,1.18,0.118,7733248,118
11:55:12,37013,0,0,0x0000,VERM,Verm: fault_status_mirror,0x0000,0000000000000000,··,··,0000,0.0,0.00,0.000,0,0
11:55:12,37014,0,0,0x0000,VERM,Verm: fault_status_2_mirror,0x0000,0000000000000000,··,··,0000,0.0,0.00,0.000,0,0
11:55:12,37015,0,0,0x0000,UNB,Unb: ?,,0000000000000000,··,··,0000,0.0,0.00,0.000,0,0
11:55:12,37016,0,0,0x0000,VERM,Verm: offgrid_ac_voltage,0 V,0000000000000000,··,··,0000,0.0,0.00,0.000,0,0
11:55:12,37017,0,0,0x0000,UNB,Unb: ?,,0000000000000000,··,··,0000,0.0,0.00,0.000,0,0
11:55:12,37018,0,0,0x0000,UNB,Unb: ?,,0000000000000000,··,··,0000,0.0,0.00,0.000,0,0
11:55:12,37019,0,0,0x0000,UNB,Unb: ?,,0000000000000000,··,··,0000,0.0,0.00,0.000,0,0
11:55:12,37020,0,0,0x0000,UNB,Unb: ?,,0000000000000000,··,··,0000,0.0,0.00,0.000,0,0
11:55:12,37021,0,0,0x0000,UNB,Unb: ?,,0000000000000000,··,··,0000,0.0,0.00,0.000,0,0
11:55:12,37022,0,0,0x0000,VERM,Verm: offgrid_dc_voltage,0 V,0000000000000000,··,··,0000,0.0,0.00,0.000,0,0
11:55:12,37023,0,0,0x0000,UNB,Unb: ?,,0000000000000000,··,··,0000,0.0,0.00,0.000,0,0
11:55:12,37024,0,0,0x0000,UNB,Unb: ?,,0000000000000000,··,··,0000,0.0,0.00,0.000,,
11:55:12,38000,0,0,0x0000,UNB,Unb: unknown_38000,,0000000000000000,··,··,0000,0.0,0.00,0.000,0,0
11:55:12,38001,0,0,0x0000,UNB,Unb: unknown_38001,,0000000000000000,··,··,0000,0.0,0.00,0.000,0,0
11:55:12,38002,0,0,0x0000,UNB,Unb: unknown_38002,,0000000000000000,··,··,0000,0.0,0.00,0.000,0,0
11:55:12,38003,0,0,0x0000,UNB,Unb: unknown_38003,,0000000000000000,··,··,0000,0.0,0.00,0.000,0,0
11:55:12,38004,0,0,0x0000,UNB,Unb: unknown_38004,,0000000000000000,··,··,0000,0.0,0.00,0.000,0,0
11:55:12,38005,0,0,0x0000,UNB,Unb: unknown_38005,,0000000000000000,··,··,0000,0.0,0.00,0.000,0,0
11:55:12,38006,0,0,0x0000,UNB,Unb: unknown_38006,,0000000000000000,··,··,0000,0.0,0.00,0.000,0,0
11:55:12,38007,0,0,0x0000,UNB,Unb: unknown_38007,,0000000000000000,··,··,0000,0.0,0.00,0.000,0,0
11:55:12,38008,0,0,0x0000,UNB,Unb: unknown_38008,,0000000000000000,··,··,0000,0.0,0.00,0.000,0,0
11:55:12,38009,0,0,0x0000,UNB,Unb: unknown_38009,,0000000000000000,··,··,0000,0.0,0.00,0.000,0,0
11:55:12,38010,0,0,0x0000,UNB,Unb: unknown_38010,,0000000000000000,··,··,0000,0.0,0.00,0.000,0,0
11:55:12,38011,0,0,0x0000,UNB,Unb: unknown_38011,,0000000000000000,··,··,0000,0.0,0.00,0.000,0,0
11:55:12,38012,0,0,0x0000,UNB,Unb: unknown_38012,,0000000000000000,··,··,0000,0.0,0.00,0.000,0,0
11:55:12,38013,0,0,0x0000,UNB,Unb: unknown_38013,,0000000000000000,··,··,0000,0.0,0.00,0.000,0,0
11:55:12,38014,0,0,0x0000,UNB,Unb: unknown_38014,,0000000000000000,··,··,0000,0.0,0.00,0.000,,
11:55:12,41000,0,0,0x0000,VERM,Verm: reset_device,,0000000000000000,··,··,0000,0.0,0.00,0.000,,
11:55:12,41100,1,1,0x0001,VERM,Verm: modbus_address,,0000000000000001,··,··,0001,0.1,0.01,0.001,,
11:55:13,41200,1,1,0x0001,VERM,Verm: backup_function,,0000000000000001,··,··,0001,0.1,0.01,0.001,,
11:55:13,42010,2,2,0x0002,VERM,Verm: force_mode,2,0000000000000010,··,··,0002,0.2,0.02,0.002,131072,2
11:55:13,42011,0,0,0x0000,VERM,Verm: charge_to_soc,0 %,0000000000000000,··,··,0000,0.0,0.00,0.000,,
11:55:13,42020,0,0,0x0000,VERM,Verm: set_charge_power,0 W,0000000000000000,··,··,0000,0.0,0.00,0.000,,
11:55:13,43000,1,1,0x0001,VERM,Verm: user_work_mode,1,0000000000000001,··,··,0001,0.1,0.01,0.001,,
11:55:13,43101,0,0,0x0000,VERM,Verm: schedule_1_start,00:00,0000000000000000,··,··,0000,0.0,0.00,0.000,,
11:55:13,43105,0,0,0x0000,VERM,Verm: schedule_2_days,0x0000,0000000000000000,··,··,0000,0.0,0.00,0.000,0,0
11:55:13,43106,0,0,0x0000,VERM,Verm: schedule_2_start,00:00,0000000000000000,··,··,0000,0.0,0.00,0.000,0,0
11:55:13,43107,0,0,0x0000,VERM,Verm: schedule_2_end,00:00,0000000000000000,··,··,0000,0.0,0.00,0.000,0,0
11:55:13,43108,0,0,0x0000,VERM,Verm: schedule_2_mode,0 W,0000000000000000,··,··,0000,0.0,0.00,0.000,0,0
11:55:13,43109,0,0,0x0000,VERM,Verm: schedule_2_enabled,0,0000000000000000,··,··,0000,0.0,0.00,0.000,0,0
11:55:13,43110,0,0,0x0000,VERM,Verm: schedule_3_days,0x0000,0000000000000000,··,··,0000,0.0,0.00,0.000,0,0
11:55:13,43111,0,0,0x0000,VERM,Verm: schedule_3_start,00:00,0000000000000000,··,··,0000,0.0,0.00,0.000,0,0
11:55:13,43112,0,0,0x0000,VERM,Verm: schedule_3_end,00:00,0000000000000000,··,··,0000,0.0,0.00,0.000,0,0
11:55:13,43113,0,0,0x0000,VERM,Verm: schedule_3_mode,0 W,0000000000000000,··,··,0000,0.0,0.00,0.000,0,0
11:55:13,43114,0,0,0x0000,VERM,Verm: schedule_3_enabled,0,0000000000000000,··,··,0000,0.0,0.00,0.000,0,0
11:55:13,43115,0,0,0x0000,VERM,Verm: schedule_4_days,0x0000,0000000000000000,··,··,0000,0.0,0.00,0.000,0,0
11:55:13,43116,0,0,0x0000,VERM,Verm: schedule_4_start,00:00,0000000000000000,··,··,0000,0.0,0.00,0.000,0,0
11:55:13,43117,0,0,0x0000,VERM,Verm: schedule_4_end,00:00,0000000000000000,··,··,0000,0.0,0.00,0.000,0,0
11:55:13,43118,0,0,0x0000,VERM,Verm: schedule_4_mode,0 W,0000000000000000,··,··,0000,0.0,0.00,0.000,0,0
11:55:13,43119,0,0,0x0000,VERM,Verm: schedule_4_enabled,0,0000000000000000,··,··,0000,0.0,0.00,0.000,0,0
11:55:13,43120,0,0,0x0000,VERM,Verm: schedule_5_days,0x0000,0000000000000000,··,··,0000,0.0,0.00,0.000,0,0
11:55:13,43121,0,0,0x0000,VERM,Verm: schedule_5_start,00:00,0000000000000000,··,··,0000,0.0,0.00,0.000,0,0
11:55:13,43122,0,0,0x0000,VERM,Verm: schedule_5_end,00:00,0000000000000000,··,··,0000,0.0,0.00,0.000,0,0
11:55:13,43123,0,0,0x0000,VERM,Verm: schedule_5_mode,0 W,0000000000000000,··,··,0000,0.0,0.00,0.000,0,0
11:55:13,43124,0,0,0x0000,VERM,Verm: schedule_5_enabled,0,0000000000000000,··,··,0000,0.0,0.00,0.000,0,0
11:55:13,43125,0,0,0x0000,VERM,Verm: schedule_6_days,0x0000,0000000000000000,··,··,0000,0.0,0.00,0.000,0,0
11:55:13,43126,0,0,0x0000,VERM,Verm: schedule_6_start,00:00,0000000000000000,··,··,0000,0.0,0.00,0.000,0,0
11:55:13,43127,0,0,0x0000,VERM,Verm: schedule_6_end,00:00,0000000000000000,··,··,0000,0.0,0.00,0.000,0,0
11:55:13,43128,0,0,0x0000,VERM,Verm: schedule_6_mode,0 W,0000000000000000,··,··,0000,0.0,0.00,0.000,0,0
11:55:13,43129,0,0,0x0000,VERM,Verm: schedule_6_enabled,0,0000000000000000,··,··,0000,0.0,0.00,0.000,,
11:55:13,44002,0,0,0x0000,VERM,Verm: max_charge_power,0 W,0000000000000000,··,··,0000,0.0,0.00,0.000,0,0
11:55:13,44003,0,0,0x0000,VERM,Verm: max_discharge_power,0 W,0000000000000000,··,··,0000,0.0,0.00,0.000,,
11:55:24,30001,62882,-2654,0xF5A2,OK,battery_power,-2654 W,1111010110100010,··,··,-,6288.2,628.82,62.882,,
11:55:24,30006,2511,2511,0x09CF,OK,ac_power,2511 W,0000100111001111,··,··,-,251.1,25.11,2.511,,
11:55:24,30010,0,0,0x0000,UNB,Unb: ?,,0000000000000000,··,··,0000,0.0,0.00,0.000,,
11:55:24,30020,100,100,0x0064,VERM,Verm: mppt1_voltage,10 V,0000000001100100,·d,d·,0064,10.0,1.00,0.100,6553699,6488164
11:55:24,30021,99,99,0x0063,VERM,Verm: mppt2_voltage,9.900 V,0000000001100011,·c,c·,0063,9.9,0.99,0.099,6488163,6488163
11:55:24,30022,99,99,0x0063,VERM,Verm: mppt3_voltage,9.900 V,0000000001100011,·c,c·,0063,9.9,0.99,0.099,6488163,6488163
11:55:24,30023,99,99,0x0063,VERM,Verm: mppt4_voltage,9.900 V,0000000001100011,·c,c·,0063,9.9,0.99,0.099,6488064,99
11:55:24,30024,0,0,0x0000,VERM,Verm: mppt1_current,0 A,0000000000000000,··,··,0000,0.0,0.00,0.000,0,0
11:55:24,30025,0,0,0x0000,VERM,Verm: mppt2_current,0 A,0000000000000000,··,··,0000,0.0,0.00,0.000,0,0
11:55:24,30026,0,0,0x0000,VERM,Verm: mppt3_current,0 A,0000000000000000,··,··,0000,0.0,0.00,0.000,0,0
11:55:24,30027,0,0,0x0000,VERM,Verm: mppt4_current,0 A,0000000000000000,··,··,0000,0.0,0.00,0.000,,
11:55:24,30029,65515,-21,0xFFEB,VERM,Verm: battery_power_factor,-21,1111111111101011,··,··,-,6551.5,655.15,65.515,4293591040,65515
11:55:24,30030,0,0,0x0000,UNB,Unb: ?,,0000000000000000,··,··,0000,0.0,0.00,0.000,0,0
11:55:24,30031,0,0,0x0000,UNB,Unb: ?,,0000000000000000,··,··,0000,0.0,0.00,0.000,0,0
11:55:24,30032,0,0,0x0000,UNB,Unb: ?,,0000000000000000,··,··,0000,0.0,0.00,0.000,0,0
11:55:24,30033,0,0,0x0000,UNB,Unb: ?,,0000000000000000,··,··,0000,0.0,0.00,0.000,0,0
11:55:24,30034,0,0,0x0000,UNB,Unb: ?,,0000000000000000,··,··,0000,0.0,0.00,0.000,0,0
11:55:24,30035,0,0,0x0000,UNB,Unb: ?,,0000000000000000,··,··,0000,0.0,0.00,0.000,219,14352384
11:55:24,30036,219,219,0x00DB,VERM,Verm: hardware_version,219,0000000011011011,··,··,-,21.9,2.19,0.219,14352384,219
11:55:24,30037,0,0,0x0000,VERM,Verm: mppt1_power,0 W,0000000000000000,··,··,0000,0.0,0.00,0.000,0,0
11:55:24,30038,0,0,0x0000,VERM,Verm: mppt2_power,0 W,0000000000000000,··,··,0000,0.0,0.00,0.000,0,0
11:55:24,30039,0,0,0x0000,VERM,Verm: mppt3_power,0 W,0000000000000000,··,··,0000,0.0,0.00,0.000,0,0
11:55:24,30040,0,0,0x0000,VERM,Verm: mppt4_power,0 W,0000000000000000,··,··,0000,0.0,0.00,0.000,,
11:55:24,30100,5330,5330,0x14D2,VERM,Verm: battery_voltage,53.300 V,0001010011010010,··,··,-,533.0,53.30,5.330,349306880,5330
11:55:24,30101,0,0,0x0000,VERM,Verm: pack1_current_mirror,0 A,0000000000000000,··,··,0000,0.0,0.00,0.000,,
11:55:25,30106,0,0,0x0000,UNB,Unb: ?,,0000000000000000,··,··,0000,0.0,0.00,0.000,,
11:55:25,30109,0,0,0x0000,UNB,Unb: ?,,0000000000000000,··,··,0000,0.0,0.00,0.000,0,0
11:55:25,30110,0,0,0x0000,UNB,Unb: ?,,0000000000000000,··,··,0000,0.0,0.00,0.000,,
11:55:25,30201,18,18,0x0012,UNB,Unb: unknown_30201,18,0000000000010010,··,··,0012,1.8,0.18,0.018,,
11:55:25,30203,106,106,0x006A,UNB,Unb: unknown_30203,106,0000000001101010,·j,j·,-,10.6,1.06,0.106,,
11:55:25,30210,0,0,0x0000,VERM,Verm: active_pack_charge_status,0,0000000000000000,··,··,0000,0.0,0.00,0.000,0,0
11:55:25,30211,0,0,0x0000,UNB,Unb: ?,,0000000000000000,··,··,0000,0.0,0.00,0.000,5,327680
11:55:25,30212,5,5,0x0005,VERM,Verm: pack_config,5,0000000000000101,··,··,0005,0.5,0.05,0.005,327680,5
11:55:25,30213,0,0,0x0000,UNB,Unb: ?,,0000000000000000,··,··,0000,0.0,0.00,0.000,0,0
11:55:25,30214,0,0,0x0000,UNB,Unb: ?,,0000000000000000,··,··,0000,0.0,0.00,0.000,,
11:55:25,30300,1,1,0x0001,VERM,Verm: wifi_status,1,0000000000000001,··,··,0001,0.1,0.01,0.001,65537,65537
11:55:25,30301,1,1,0x0001,VERM,Verm: active_inverter_state,1,0000000000000001,··,··,0001,0.1,0.01,0.001,65536,1
11:55:25,30302,0,0,0x0000,VERM,Verm: cloud_status,0,0000000000000000,··,··,0000,0.0,0.00,0.000,61,3997696
11:55:25,30303,61,61,0x003D,VERM,Verm: wifi_signal_strength,-61 dBm,0000000000111101,·=,=·,-,6.1,0.61,0.061,,
11:55:26,30400,49320,-16216,0xC0A8,UNB,Unb: ip_address,192.168,1100000010101000,··,··,-,4932.0,493.20,49.320,,
11:55:26,31003,5,5,0x0005,VERM,Verm: pack_dependent_31003,5,0000000000000101,··,··,0005,0.5,0.05,0.005,329223,101122053
11:55:26,31004,1543,1543,0x0607,VERM,Verm: pack_dependent_31004,1543,0000011000000111,··,··,0607,154.3,15.43,1.543,101122048,1543
11:55:26,31005,0,0,0x0000,UNB,Unb: unknown_31005,,0000000000000000,··,··,0000,0.0,0.00,0.000,0,0
11:55:26,31006,0,0,0x0000,UNB,Unb: unknown_31006,,0000000000000000,··,··,0000,0.0,0.00,0.000,0,0
11:55:26,31007,0,0,0x0000,UNB,Unb: unknown_31007,,0000000000000000,··,··,0000,0.0,0.00,0.000,0,0
11:55:26,31008,0,0,0x0000,UNB,Unb: unknown_31008,,0000000000000000,··,··,0000,0.0,0.00,0.000,0,0
11:55:26,31009,0,0,0x0000,UNB,Unb: unknown_31009,,0000000000000000,··,··,0000,0.0,0.00,0.000,,
11:55:26,32102,0,0,0x0000,UNB,Unb: unknown_32102,,0000000000000000,··,··,0000,0.0,0.00,0.000,,
11:55:26,32201,2493,2493,0x09BD,VERM,Verm: ac_voltage_2,249.300 V,0000100110111101,··,··,-,249.3,24.93,2.493,,
11:55:26,34001,0,0,0x0000,OK,pack1_bat_curr,0 A,0000000000000000,··,··,0000,0.0,0.00,0.000,,
11:55:26,34004,0,0,0x0000,VERM,Verm: pack1_charge_status,0,0000000000000000,··,··,0000,0.0,0.00,0.000,,
11:55:27,34101,0,0,0x0000,OK,pack2_bat_curr,0 A,0000000000000000,··,··,0000,0.0,0.00,0.000,,
11:55:27,34104,0,0,0x0000,VERM,Verm: pack2_charge_status,0,0000000000000000,··,··,0000,0.0,0.00,0.000,,
11:55:27,34204,0,0,0x0000,VERM,Verm: pack3_charge_status,0,0000000000000000,··,··,0000,0.0,0.00,0.000,,
11:55:27,34304,0,0,0x0000,VERM,Verm: pack4_charge_status,0,0000000000000000,··,··,0000,0.0,0.00,0.000,,
11:55:27,35011,238,238,0x00EE,VERM,Verm: pack1_env_ntc_mirror,23.800 °C,0000000011101110,··,··,-,23.8,2.38,0.238,,
11:55:27,35110,576,576,0x0240,VERM,Verm: max_charge_power,576,0000001001000000,·@,@·,0240,57.6,5.76,0.576,37748986,16384576
11:55:27,35111,250,250,0x00FA,VERM,Verm: power_level,250,0000000011111010,··,··,-,25.0,2.50,0.250,16384500,32768250
11:55:27,35112,500,500,0x01F4,VERM,Verm: max_discharge_power,500,0000000111110100,··,··,-,50.0,5.00,0.500,,
11:55:28,36101,0,0,0x0000,VERM,Verm: fault_status_2,0x0000,0000000000000000,··,··,0000,0.0,0.00,0.000,,
11:55:28,37000,1,1,0x0001,VERM,Verm: system_online,1,0000000000000001,··,··,0001,0.1,0.01,0.001,65536,1
11:55:28,37001,0,0,0x0000,UNB,Unb: ?,,0000000000000000,··,··,0000,0.0,0.00,0.000,0,0
11:55:28,37002,0,0,0x0000,UNB,Unb: ?,,0000000000000000,··,··,0000,0.0,0.00,0.000,0,0
11:55:28,37003,0,0,0x0000,UNB,Unb: ?,,0000000000000000,··,··,0000,0.0,0.00,0.000,2511,164560896
11:55:28,37004,2511,2511,0x09CF,OK,ac_power_target,2511 W,0000100111001111,··,··,-,251.1,25.11,2.511,,
11:55:28,37009,0,0,0x0000,UNB,Unb: ?,,0000000000000000,··,··,0000,0.0,0.00,0.000,0,0
11:55:28,37010,0,0,0x0000,UNB,Unb: ?,,0000000000000000,··,··,0000,0.0,0.00,0.000,0,0
11:55:28,37011,0,0,0x0000,UNB,Unb: ?,,0000000000000000,··,··,0000,0.0,0.00,0.000,118,7733248
11:55:28,37012,118,118,0x0076,VERM,Verm: bms_version_mirror,118,0000000001110110,·v,v·,0076,11.8,1.18,0.118,7733248,118
11:55:28,37013,0,0,0x0000,VERM,Verm: fault_status_mirror,0x0000,0000000000000000,··,··,0000,0.0,0.00,0.000,0,0
11:55:28,37014,0,0,0x0000,VERM,Verm: fault_status_2_mirror,0x0000,0000000000000000,··,··,0000,0.0,0.00,0.000,0,0
11:55:28,37015,0,0,0x0000,UNB,Unb: ?,,0000000000000000,··,··,0000,0.0,0.00,0.000,0,0
11:55:28,37016,0,0,0x0000,VERM,Verm: offgrid_ac_voltage,0 V,0000000000000000,··,··,0000,0.0,0.00,0.000,0,0
11:55:28,37017,0,0,0x0000,UNB,Unb: ?,,0000000000000000,··,··,0000,0.0,0.00,0.000,0,0
11:55:28,37018,0,0,0x0000,UNB,Unb: ?,,0000000000000000,··,··,0000,0.0,0.00,0.000,0,0
11:55:28,37019,0,0,0x0000,UNB,Unb: ?,,0000000000000000,··,··,0000,0.0,0.00,0.000,0,0
11:55:28,37020,0,0,0x0000,UNB,Unb: ?,,0000000000000000,··,··,0000,0.0,0.00,0.000,0,0
11:55:28,37021,0,0,0x0000,UNB,Unb: ?,,0000000000000000,··,··,0000,0.0,0.00,0.000,0,0
11:55:28,37022,0,0,0x0000,VERM,Verm: offgrid_dc_voltage,0 V,0000000000000000,··,··,0000,0.0,0.00,0.000,0,0
11:55:28,37023,0,0,0x0000,UNB,Unb: ?,,0000000000000000,··,··,0000,0.0,0.00,0.000,0,0
11:55:28,37024,0,0,0x0000,UNB,Unb: ?,,0000000000000000,··,··,0000,0.0,0.00,0.000,,
11:55:29,38000,0,0,0x0000,UNB,Unb: unknown_38000,,0000000000000000,··,··,0000,0.0,0.00,0.000,0,0
11:55:29,38001,0,0,0x0000,UNB,Unb: unknown_38001,,0000000000000000,··,··,0000,0.0,0.00,0.000,0,0
11:55:29,38002,0,0,0x0000,UNB,Unb: unknown_38002,,0000000000000000,··,··,0000,0.0,0.00,0.000,0,0
11:55:29,38003,0,0,0x0000,UNB,Unb: unknown_38003,,0000000000000000,··,··,0000,0.0,0.00,0.000,0,0
11:55:29,38004,0,0,0x0000,UNB,Unb: unknown_38004,,0000000000000000,··,··,0000,0.0,0.00,0.000,0,0
11:55:29,38005,0,0,0x0000,UNB,Unb: unknown_38005,,0000000000000000,··,··,0000,0.0,0.00,0.000,0,0
11:55:29,38006,0,0,0x0000,UNB,Unb: unknown_38006,,0000000000000000,··,··,0000,0.0,0.00,0.000,0,0
11:55:29,38007,0,0,0x0000,UNB,Unb: unknown_38007,,0000000000000000,··,··,0000,0.0,0.00,0.000,0,0
11:55:29,38008,0,0,0x0000,UNB,Unb: unknown_38008,,0000000000000000,··,··,0000,0.0,0.00,0.000,0,0
11:55:29,38009,0,0,0x0000,UNB,Unb: unknown_38009,,0000000000000000,··,··,0000,0.0,0.00,0.000,0,0
11:55:29,38010,0,0,0x0000,UNB,Unb: unknown_38010,,0000000000000000,··,··,0000,0.0,0.00,0.000,0,0
11:55:29,38011,0,0,0x0000,UNB,Unb: unknown_38011,,0000000000000000,··,··,0000,0.0,0.00,0.000,0,0
11:55:29,38012,0,0,0x0000,UNB,Unb: unknown_38012,,0000000000000000,··,··,0000,0.0,0.00,0.000,0,0
11:55:29,38013,0,0,0x0000,UNB,Unb: unknown_38013,,0000000000000000,··,··,0000,0.0,0.00,0.000,0,0
11:55:29,38014,0,0,0x0000,UNB,Unb: unknown_38014,,0000000000000000,··,··,0000,0.0,0.00,0.000,,
11:55:29,41000,0,0,0x0000,VERM,Verm: reset_device,,0000000000000000,··,··,0000,0.0,0.00,0.000,,
11:55:29,41100,1,1,0x0001,VERM,Verm: modbus_address,,0000000000000001,··,··,0001,0.1,0.01,0.001,,
11:55:30,41200,1,1,0x0001,VERM,Verm: backup_function,,0000000000000001,··,··,0001,0.1,0.01,0.001,,
11:55:30,42010,2,2,0x0002,VERM,Verm: force_mode,2,0000000000000010,··,··,0002,0.2,0.02,0.002,131072,2
11:55:30,42011,0,0,0x0000,VERM,Verm: charge_to_soc,0 %,0000000000000000,··,··,0000,0.0,0.00,0.000,,
11:55:30,42020,0,0,0x0000,VERM,Verm: set_charge_power,0 W,0000000000000000,··,··,0000,0.0,0.00,0.000,,
11:55:30,43000,1,1,0x0001,VERM,Verm: user_work_mode,1,0000000000000001,··,··,0001,0.1,0.01,0.001,,
11:55:31,43101,0,0,0x0000,VERM,Verm: schedule_1_start,00:00,0000000000000000,··,··,0000,0.0,0.00,0.000,,
11:55:31,43105,0,0,0x0000,VERM,Verm: schedule_2_days,0x0000,0000000000000000,··,··,0000,0.0,0.00,0.000,0,0
11:55:31,43106,0,0,0x0000,VERM,Verm: schedule_2_start,00:00,0000000000000000,··,··,0000,0.0,0.00,0.000,0,0
11:55:31,43107,0,0,0x0000,VERM,Verm: schedule_2_end,00:00,0000000000000000,··,··,0000,0.0,0.00,0.000,0,0
11:55:31,43108,0,0,0x0000,VERM,Verm: schedule_2_mode,0 W,0000000000000000,··,··,0000,0.0,0.00,0.000,0,0
11:55:31,43109,0,0,0x0000,VERM,Verm: schedule_2_enabled,0,0000000000000000,··,··,0000,0.0,0.00,0.000,0,0
11:55:31,43110,0,0,0x0000,VERM,Verm: schedule_3_days,0x0000,0000000000000000,··,··,0000,0.0,0.00,0.000,0,0
11:55:31,43111,0,0,0x0000,VERM,Verm: schedule_3_start,00:00,0000000000000000,··,··,0000,0.0,0.00,0.000,0,0
11:55:31,43112,0,0,0x0000,VERM,Verm: schedule_3_end,00:00,0000000000000000,··,··,0000,0.0,0.00,0.000,0,0
11:55:31,43113,0,0,0x0000,VERM,Verm: schedule_3_mode,0 W,0000000000000000,··,··,0000,0.0,0.00,0.000,0,0
11:55:31,43114,0,0,0x0000,VERM,Verm: schedule_3_enabled,0,0000000000000000,··,··,0000,0.0,0.00,0.000,0,0
11:55:31,43115,0,0,0x0000,VERM,Verm: schedule_4_days,0x0000,0000000000000000,··,··,0000,0.0,0.00,0.000,0,0
11:55:31,43116,0,0,0x0000,VERM,Verm: schedule_4_start,00:00,0000000000000000,··,··,0000,0.0,0.00,0.000,0,0
11:55:31,43117,0,0,0x0000,VERM,Verm: schedule_4_end,00:00,0000000000000000,··,··,0000,0.0,0.00,0.000,0,0
11:55:31,43118,0,0,0x0000,VERM,Verm: schedule_4_mode,0 W,0000000000000000,··,··,0000,0.0,0.00,0.000,0,0
11:55:31,43119,0,0,0x0000,VERM,Verm: schedule_4_enabled,0,0000000000000000,··,··,0000,0.0,0.00,0.000,0,0
11:55:31,43120,0,0,0x0000,VERM,Verm: schedule_5_days,0x0000,0000000000000000,··,··,0000,0.0,0.00,0.000,0,0
11:55:31,43121,0,0,0x0000,VERM,Verm: schedule_5_start,00:00,0000000000000000,··,··,0000,0.0,0.00,0.000,0,0
11:55:31,43122,0,0,0x0000,VERM,Verm: schedule_5_end,00:00,0000000000000000,··,··,0000,0.0,0.00,0.000,0,0
11:55:31,43123,0,0,0x0000,VERM,Verm: schedule_5_mode,0 W,0000000000000000,··,··,0000,0.0,0.00,0.000,0,0
11:55:31,43124,0,0,0x0000,VERM,Verm: schedule_5_enabled,0,0000000000000000,··,··,0000,0.0,0.00,0.000,0,0
11:55:31,43125,0,0,0x0000,VERM,Verm: schedule_6_days,0x0000,0000000000000000,··,··,0000,0.0,0.00,0.000,0,0
11:55:31,43126,0,0,0x0000,VERM,Verm: schedule_6_start,00:00,0000000000000000,··,··,0000,0.0,0.00,0.000,0,0
11:55:31,43127,0,0,0x0000,VERM,Verm: schedule_6_end,00:00,0000000000000000,··,··,0000,0.0,0.00,0.000,0,0
11:55:31,43128,0,0,0x0000,VERM,Verm: schedule_6_mode,0 W,0000000000000000,··,··,0000,0.0,0.00,0.000,0,0
11:55:31,43129,0,0,0x0000,VERM,Verm: schedule_6_enabled,0,0000000000000000,··,··,0000,0.0,0.00,0.000,,
11:55:31,44002,0,0,0x0000,VERM,Verm: max_charge_power,0 W,0000000000000000,··,··,0000,0.0,0.00,0.000,0,0
11:55:31,44003,0,0,0x0000,VERM,Verm: max_discharge_power,0 W,0000000000000000,··,··,0000,0.0,0.00,0.000,,
11:55:42,30001,62878,-2658,0xF59E,OK,battery_power,-2658 W,1111010110011110,··,··,-,6287.8,628.78,62.878,,
11:55:42,30006,2511,2511,0x09CF,OK,ac_power,2511 W,0000100111001111,··,··,-,251.1,25.11,2.511,,
11:55:42,30010,0,0,0x0000,UNB,Unb: ?,,0000000000000000,··,··,0000,0.0,0.00,0.000,,
11:55:42,30020,100,100,0x0064,VERM,Verm: mppt1_voltage,10 V,0000000001100100,·d,d·,0064,10.0,1.00,0.100,6553699,6488164
11:55:42,30021,99,99,0x0063,VERM,Verm: mppt2_voltage,9.900 V,0000000001100011,·c,c·,0063,9.9,0.99,0.099,6488163,6488163
11:55:42,30022,99,99,0x0063,VERM,Verm: mppt3_voltage,9.900 V,0000000001100011,·c,c·,0063,9.9,0.99,0.099,6488163,6488163
11:55:42,30023,99,99,0x0063,VERM,Verm: mppt4_voltage,9.900 V,0000000001100011,·c,c·,0063,9.9,0.99,0.099,6488064,99
11:55:42,30024,0,0,0x0000,VERM,Verm: mppt1_current,0 A,0000000000000000,··,··,0000,0.0,0.00,0.000,0,0
11:55:42,30025,0,0,0x0000,VERM,Verm: mppt2_current,0 A,0000000000000000,··,··,0000,0.0,0.00,0.000,0,0
11:55:42,30026,0,0,0x0000,VERM,Verm: mppt3_current,0 A,0000000000000000,··,··,0000,0.0,0.00,0.000,0,0
11:55:42,30027,0,0,0x0000,VERM,Verm: mppt4_current,0 A,0000000000000000,··,··,0000,0.0,0.00,0.000,,
11:55:42,30029,65515,-21,0xFFEB,VERM,Verm: battery_power_factor,-21,1111111111101011,··,··,-,6551.5,655.15,65.515,4293591040,65515
11:55:42,30030,0,0,0x0000,UNB,Unb: ?,,0000000000000000,··,··,0000,0.0,0.00,0.000,0,0
11:55:42,30031,0,0,0x0000,UNB,Unb: ?,,0000000000000000,··,··,0000,0.0,0.00,0.000,0,0
11:55:42,30032,0,0,0x0000,UNB,Unb: ?,,0000000000000000,··,··,0000,0.0,0.00,0.000,0,0
11:55:42,30033,0,0,0x0000,UNB,Unb: ?,,0000000000000000,··,··,0000,0.0,0.00,0.000,0,0
11:55:42,30034,0,0,0x0000,UNB,Unb: ?,,0000000000000000,··,··,0000,0.0,0.00,0.000,0,0
11:55:42,30035,0,0,0x0000,UNB,Unb: ?,,0000000000000000,··,··,0000,0.0,0.00,0.000,219,14352384
11:55:42,30036,219,219,0x00DB,VERM,Verm: hardware_version,219,0000000011011011,··,··,-,21.9,2.19,0.219,14352384,219
11:55:42,30037,0,0,0x0000,VERM,Verm: mppt1_power,0 W,0000000000000000,··,··,0000,0.0,0.00,0.000,0,0
11:55:42,30038,0,0,0x0000,VERM,Verm: mppt2_power,0 W,0000000000000000,··,··,0000,0.0,0.00,0.000,0,0
11:55:42,30039,0,0,0x0000,VERM,Verm: mppt3_power,0 W,0000000000000000,··,··,0000,0.0,0.00,0.000,0,0
11:55:42,30040,0,0,0x0000,VERM,Verm: mppt4_power,0 W,0000000000000000,··,··,0000,0.0,0.00,0.000,,
11:55:42,30100,5330,5330,0x14D2,VERM,Verm: battery_voltage,53.300 V,0001010011010010,··,··,-,533.0,53.30,5.330,349306880,5330
11:55:42,30101,0,0,0x0000,VERM,Verm: pack1_current_mirror,0 A,0000000000000000,··,··,0000,0.0,0.00,0.000,,
11:55:43,30106,0,0,0x0000,UNB,Unb: ?,,0000000000000000,··,··,0000,0.0,0.00,0.000,,
11:55:43,30109,0,0,0x0000,UNB,Unb: ?,,0000000000000000,··,··,0000,0.0,0.00,0.000,0,0
11:55:43,30110,0,0,0x0000,UNB,Unb: ?,,0000000000000000,··,··,0000,0.0,0.00,0.000,,
11:55:43,30201,18,18,0x0012,UNB,Unb: unknown_30201,18,0000000000010010,··,··,0012,1.8,0.18,0.018,,
11:55:44,30203,106,106,0x006A,UNB,Unb: unknown_30203,106,0000000001101010,·j,j·,-,10.6,1.06,0.106,,
11:55:44,30210,0,0,0x0000,VERM,Verm: active_pack_charge_status,0,0000000000000000,··,··,0000,0.0,0.00,0.000,0,0
11:55:44,30211,0,0,0x0000,UNB,Unb: ?,,0000000000000000,··,··,0000,0.0,0.00,0.000,5,327680
11:55:44,30212,5,5,0x0005,VERM,Verm: pack_config,5,0000000000000101,··,··,0005,0.5,0.05,0.005,327680,5
11:55:44,30213,0,0,0x0000,UNB,Unb: ?,,0000000000000000,··,··,0000,0.0,0.00,0.000,0,0
11:55:44,30214,0,0,0x0000,UNB,Unb: ?,,0000000000000000,··,··,0000,0.0,0.00,0.000,,
11:55:44,30300,1,1,0x0001,VERM,Verm: wifi_status,1,0000000000000001,··,··,0001,0.1,0.01,0.001,65537,65537
11:55:44,30301,1,1,0x0001,VERM,Verm: active_inverter_state,1,0000000000000001,··,··,0001,0.1,0.01,0.001,65536,1
11:55:44,30302,0,0,0x0000,VERM,Verm: cloud_status,0,0000000000000000,··,··,0000,0.0,0.00,0.000,61,3997696
11:55:44,30303,61,61,0x003D,VERM,Verm: wifi_signal_strength,-61 dBm,0000000000111101,·=,=·,-,6.1,0.61,0.061,,
11:55:45,30400,49320,-16216,0xC0A8,UNB,Unb: ip_address,192.168,1100000010101000,··,··,-,4932.0,493.20,49.320,,
11:55:45,31003,5,5,0x0005,VERM,Verm: pack_dependent_31003,5,0000000000000101,··,··,0005,0.5,0.05,0.005,329223,101122053
11:55:45,31004,1543,1543,0x0607,VERM,Verm: pack_dependent_31004,1543,0000011000000111,··,··,0607,154.3,15.43,1.543,101122048,1543
11:55:45,31005,0,0,0x0000,UNB,Unb: unknown_31005,,0000000000000000,··,··,0000,0.0,0.00,0.000,0,0
11:55:45,31006,0,0,0x0000,UNB,Unb: unknown_31006,,0000000000000000,··,··,0000,0.0,0.00,0.000,0,0
11:55:45,31007,0,0,0x0000,UNB,Unb: unknown_31007,,0000000000000000,··,··,0000,0.0,0.00,0.000,0,0
11:55:45,31008,0,0,0x0000,UNB,Unb: unknown_31008,,0000000000000000,··,··,0000,0.0,0.00,0.000,0,0
11:55:45,31009,0,0,0x0000,UNB,Unb: unknown_31009,,0000000000000000,··,··,0000,0.0,0.00,0.000,,
11:55:45,32102,0,0,0x0000,UNB,Unb: unknown_32102,,0000000000000000,··,··,0000,0.0,0.00,0.000,,
11:55:45,32201,2488,2488,0x09B8,VERM,Verm: ac_voltage_2,248.800 V,0000100110111000,··,··,-,248.8,24.88,2.488,,
11:55:46,34001,0,0,0x0000,OK,pack1_bat_curr,0 A,0000000000000000,··,··,0000,0.0,0.00,0.000,,
11:55:46,34004,0,0,0x0000,VERM,Verm: pack1_charge_status,0,0000000000000000,··,··,0000,0.0,0.00,0.000,,
11:55:46,34101,0,0,0x0000,OK,pack2_bat_curr,0 A,0000000000000000,··,··,0000,0.0,0.00,0.000,,
11:55:47,34104,0,0,0x0000,VERM,Verm: pack2_charge_status,0,0000000000000000,··,··,0000,0.0,0.00,0.000,,
11:55:47,34204,0,0,0x0000,VERM,Verm: pack3_charge_status,0,0000000000000000,··,··,0000,0.0,0.00,0.000,,
11:55:47,34304,0,0,0x0000,VERM,Verm: pack4_charge_status,0,0000000000000000,··,··,0000,0.0,0.00,0.000,,
11:55:48,35011,238,238,0x00EE,VERM,Verm: pack1_env_ntc_mirror,23.800 °C,0000000011101110,··,··,-,23.8,2.38,0.238,,
11:55:48,35110,576,576,0x0240,VERM,Verm: max_charge_power,576,0000001001000000,·@,@·,0240,57.6,5.76,0.576,37748836,6554176
11:55:48,35111,100,100,0x0064,VERM,Verm: power_level,100,0000000001100100,·d,d·,0064,10.0,1.00,0.100,6554100,32768100
11:55:48,35112,500,500,0x01F4,VERM,Verm: max_discharge_power,500,0000000111110100,··,··,-,50.0,5.00,0.500,,
11:55:48,36101,0,0,0x0000,VERM,Verm: fault_status_2,0x0000,0000000000000000,··,··,0000,0.0,0.00,0.000,,
11:55:48,37000,1,1,0x0001,VERM,Verm: system_online,1,0000000000000001,··,··,0001,0.1,0.01,0.001,65536,1
11:55:48,37001,0,0,0x0000,UNB,Unb: ?,,0000000000000000,··,··,0000,0.0,0.00,0.000,0,0
11:55:48,37002,0,0,0x0000,UNB,Unb: ?,,0000000000000000,··,··,0000,0.0,0.00,0.000,0,0
11:55:48,37003,0,0,0x0000,UNB,Unb: ?,,0000000000000000,··,··,0000,0.0,0.00,0.000,2511,164560896
11:55:48,37004,2511,2511,0x09CF,OK,ac_power_target,2511 W,0000100111001111,··,··,-,251.1,25.11,2.511,,
11:55:48,37009,0,0,0x0000,UNB,Unb: ?,,0000000000000000,··,··,0000,0.0,0.00,0.000,0,0
11:55:48,37010,0,0,0x0000,UNB,Unb: ?,,0000000000000000,··,··,0000,0.0,0.00,0.000,0,0
11:55:48,37011,0,0,0x0000,UNB,Unb: ?,,0000000000000000,··,··,0000,0.0,0.00,0.000,118,7733248
11:55:48,37012,118,118,0x0076,VERM,Verm: bms_version_mirror,118,0000000001110110,·v,v·,0076,11.8,1.18,0.118,7733248,118
11:55:48,37013,0,0,0x0000,VERM,Verm: fault_status_mirror,0x0000,0000000000000000,··,··,0000,0.0,0.00,0.000,0,0
11:55:48,37014,0,0,0x0000,VERM,Verm: fault_status_2_mirror,0x0000,0000000000000000,··,··,0000,0.0,0.00,0.000,0,0
11:55:48,37015,0,0,0x0000,UNB,Unb: ?,,0000000000000000,··,··,0000,0.0,0.00,0.000,0,0
11:55:48,37016,0,0,0x0000,VERM,Verm: offgrid_ac_voltage,0 V,0000000000000000,··,··,0000,0.0,0.00,0.000,0,0
11:55:48,37017,0,0,0x0000,UNB,Unb: ?,,0000000000000000,··,··,0000,0.0,0.00,0.000,0,0
11:55:48,37018,0,0,0x0000,UNB,Unb: ?,,0000000000000000,··,··,0000,0.0,0.00,0.000,0,0
11:55:48,37019,0,0,0x0000,UNB,Unb: ?,,0000000000000000,··,··,0000,0.0,0.00,0.000,0,0
11:55:48,37020,0,0,0x0000,UNB,Unb: ?,,0000000000000000,··,··,0000,0.0,0.00,0.000,0,0
11:55:48,37021,0,0,0x0000,UNB,Unb: ?,,0000000000000000,··,··,0000,0.0,0.00,0.000,0,0
11:55:48,37022,0,0,0x0000,VERM,Verm: offgrid_dc_voltage,0 V,0000000000000000,··,··,0000,0.0,0.00,0.000,0,0
11:55:48,37023,0,0,0x0000,UNB,Unb: ?,,0000000000000000,··,··,0000,0.0,0.00,0.000,0,0
11:55:48,37024,0,0,0x0000,UNB,Unb: ?,,0000000000000000,··,··,0000,0.0,0.00,0.000,,
11:55:49,38000,0,0,0x0000,UNB,Unb: unknown_38000,,0000000000000000,··,··,0000,0.0,0.00,0.000,0,0
11:55:49,38001,0,0,0x0000,UNB,Unb: unknown_38001,,0000000000000000,··,··,0000,0.0,0.00,0.000,0,0
11:55:49,38002,0,0,0x0000,UNB,Unb: unknown_38002,,0000000000000000,··,··,0000,0.0,0.00,0.000,0,0
11:55:49,38003,0,0,0x0000,UNB,Unb: unknown_38003,,0000000000000000,··,··,0000,0.0,0.00,0.000,0,0
11:55:49,38004,0,0,0x0000,UNB,Unb: unknown_38004,,0000000000000000,··,··,0000,0.0,0.00,0.000,0,0
11:55:49,38005,0,0,0x0000,UNB,Unb: unknown_38005,,0000000000000000,··,··,0000,0.0,0.00,0.000,0,0
11:55:49,38006,0,0,0x0000,UNB,Unb: unknown_38006,,0000000000000000,··,··,0000,0.0,0.00,0.000,0,0
11:55:49,38007,0,0,0x0000,UNB,Unb: unknown_38007,,0000000000000000,··,··,0000,0.0,0.00,0.000,0,0
11:55:49,38008,0,0,0x0000,UNB,Unb: unknown_38008,,0000000000000000,··,··,0000,0.0,0.00,0.000,0,0
11:55:49,38009,0,0,0x0000,UNB,Unb: unknown_38009,,0000000000000000,··,··,0000,0.0,0.00,0.000,0,0
11:55:49,38010,0,0,0x0000,UNB,Unb: unknown_38010,,0000000000000000,··,··,0000,0.0,0.00,0.000,0,0
11:55:49,38011,0,0,0x0000,UNB,Unb: unknown_38011,,0000000000000000,··,··,0000,0.0,0.00,0.000,0,0
11:55:49,38012,0,0,0x0000,UNB,Unb: unknown_38012,,0000000000000000,··,··,0000,0.0,0.00,0.000,0,0
11:55:49,38013,0,0,0x0000,UNB,Unb: unknown_38013,,0000000000000000,··,··,0000,0.0,0.00,0.000,0,0
11:55:49,38014,0,0,0x0000,UNB,Unb: unknown_38014,,0000000000000000,··,··,0000,0.0,0.00,0.000,,
11:55:49,41000,0,0,0x0000,VERM,Verm: reset_device,,0000000000000000,··,··,0000,0.0,0.00,0.000,,
11:55:49,41100,1,1,0x0001,VERM,Verm: modbus_address,,0000000000000001,··,··,0001,0.1,0.01,0.001,,
11:55:49,41200,1,1,0x0001,VERM,Verm: backup_function,,0000000000000001,··,··,0001,0.1,0.01,0.001,,
11:55:49,42010,2,2,0x0002,VERM,Verm: force_mode,2,0000000000000010,··,··,0002,0.2,0.02,0.002,131072,2
11:55:49,42011,0,0,0x0000,VERM,Verm: charge_to_soc,0 %,0000000000000000,··,··,0000,0.0,0.00,0.000,,
11:55:49,42020,0,0,0x0000,VERM,Verm: set_charge_power,0 W,0000000000000000,··,··,0000,0.0,0.00,0.000,,
11:55:49,43000,1,1,0x0001,VERM,Verm: user_work_mode,1,0000000000000001,··,··,0001,0.1,0.01,0.001,,
11:55:50,43101,0,0,0x0000,VERM,Verm: schedule_1_start,00:00,0000000000000000,··,··,0000,0.0,0.00,0.000,,
11:55:50,43105,0,0,0x0000,VERM,Verm: schedule_2_days,0x0000,0000000000000000,··,··,0000,0.0,0.00,0.000,0,0
11:55:50,43106,0,0,0x0000,VERM,Verm: schedule_2_start,00:00,0000000000000000,··,··,0000,0.0,0.00,0.000,0,0
11:55:50,43107,0,0,0x0000,VERM,Verm: schedule_2_end,00:00,0000000000000000,··,··,0000,0.0,0.00,0.000,0,0
11:55:50,43108,0,0,0x0000,VERM,Verm: schedule_2_mode,0 W,0000000000000000,··,··,0000,0.0,0.00,0.000,0,0
11:55:50,43109,0,0,0x0000,VERM,Verm: schedule_2_enabled,0,0000000000000000,··,··,0000,0.0,0.00,0.000,0,0
11:55:50,43110,0,0,0x0000,VERM,Verm: schedule_3_days,0x0000,0000000000000000,··,··,0000,0.0,0.00,0.000,0,0
11:55:50,43111,0,0,0x0000,VERM,Verm: schedule_3_start,00:00,0000000000000000,··,··,0000,0.0,0.00,0.000,0,0
11:55:50,43112,0,0,0x0000,VERM,Verm: schedule_3_end,00:00,0000000000000000,··,··,0000,0.0,0.00,0.000,0,0
11:55:50,43113,0,0,0x0000,VERM,Verm: schedule_3_mode,0 W,0000000000000000,··,··,0000,0.0,0.00,0.000,0,0
11:55:50,43114,0,0,0x0000,VERM,Verm: schedule_3_enabled,0,0000000000000000,··,··,0000,0.0,0.00,0.000,0,0
11:55:50,43115,0,0,0x0000,VERM,Verm: schedule_4_days,0x0000,0000000000000000,··,··,0000,0.0,0.00,0.000,0,0
11:55:50,43116,0,0,0x0000,VERM,Verm: schedule_4_start,00:00,0000000000000000,··,··,0000,0.0,0.00,0.000,0,0
11:55:50,43117,0,0,0x0000,VERM,Verm: schedule_4_end,00:00,0000000000000000,··,··,0000,0.0,0.00,0.000,0,0
11:55:50,43118,0,0,0x0000,VERM,Verm: schedule_4_mode,0 W,0000000000000000,··,··,0000,0.0,0.00,0.000,0,0
11:55:50,43119,0,0,0x0000,VERM,Verm: schedule_4_enabled,0,0000000000000000,··,··,0000,0.0,0.00,0.000,0,0
11:55:50,43120,0,0,0x0000,VERM,Verm: schedule_5_days,0x0000,0000000000000000,··,··,0000,0.0,0.00,0.000,0,0
11:55:50,43121,0,0,0x0000,VERM,Verm: schedule_5_start,00:00,0000000000000000,··,··,0000,0.0,0.00,0.000,0,0
11:55:50,43122,0,0,0x0000,VERM,Verm: schedule_5_end,00:00,0000000000000000,··,··,0000,0.0,0.00,0.000,0,0
11:55:50,43123,0,0,0x0000,VERM,Verm: schedule_5_mode,0 W,0000000000000000,··,··,0000,0.0,0.00,0.000,0,0
11:55:50,43124,0,0,0x0000,VERM,Verm: schedule_5_enabled,0,0000000000000000,··,··,0000,0.0,0.00,0.000,0,0
11:55:50,43125,0,0,0x0000,VERM,Verm: schedule_6_days,0x0000,0000000000000000,··,··,0000,0.0,0.00,0.000,0,0
11:55:50,43126,0,0,0x0000,VERM,Verm: schedule_6_start,00:00,0000000000000000,··,··,0000,0.0,0.00,0.000,0,0
11:55:50,43127,0,0,0x0000,VERM,Verm: schedule_6_end,00:00,0000000000000000,··,··,0000,0.0,0.00,0.000,0,0
11:55:50,43128,0,0,0x0000,VERM,Verm: schedule_6_mode,0 W,0000000000000000,··,··,0000,0.0,0.00,0.000,0,0
11:55:50,43129,0,0,0x0000,VERM,Verm: schedule_6_enabled,0,0000000000000000,··,··,0000,0.0,0.00,0.000,,
11:55:50,44002,0,0,0x0000,VERM,Verm: max_charge_power,0 W,0000000000000000,··,··,0000,0.0,0.00,0.000,0,0
11:55:50,44003,0,0,0x0000,VERM,Verm: max_discharge_power,0 W,0000000000000000,··,··,0000,0.0,0.00,0.000,,
11:56:00,30001,62879,-2657,0xF59F,OK,battery_power,-2657 W,1111010110011111,··,··,-,6287.9,628.79,62.879,,
11:56:00,30006,2511,2511,0x09CF,OK,ac_power,2511 W,0000100111001111,··,··,-,251.1,25.11,2.511,,
11:56:01,30010,0,0,0x0000,UNB,Unb: ?,,0000000000000000,··,··,0000,0.0,0.00,0.000,,
11:56:01,30020,100,100,0x0064,VERM,Verm: mppt1_voltage,10 V,0000000001100100,·d,d·,0064,10.0,1.00,0.100,6553699,6488164
11:56:01,30021,99,99,0x0063,VERM,Verm: mppt2_voltage,9.900 V,0000000001100011,·c,c·,0063,9.9,0.99,0.099,6488163,6488163
11:56:01,30022,99,99,0x0063,VERM,Verm: mppt3_voltage,9.900 V,0000000001100011,·c,c·,0063,9.9,0.99,0.099,6488163,6488163
11:56:01,30023,99,99,0x0063,VERM,Verm: mppt4_voltage,9.900 V,0000000001100011,·c,c·,0063,9.9,0.99,0.099,6488064,99
11:56:01,30024,0,0,0x0000,VERM,Verm: mppt1_current,0 A,0000000000000000,··,··,0000,0.0,0.00,0.000,0,0
11:56:01,30025,0,0,0x0000,VERM,Verm: mppt2_current,0 A,0000000000000000,··,··,0000,0.0,0.00,0.000,0,0
11:56:01,30026,0,0,0x0000,VERM,Verm: mppt3_current,0 A,0000000000000000,··,··,0000,0.0,0.00,0.000,0,0
11:56:01,30027,0,0,0x0000,VERM,Verm: mppt4_current,0 A,0000000000000000,··,··,0000,0.0,0.00,0.000,,
11:56:01,30029,65516,-20,0xFFEC,VERM,Verm: battery_power_factor,-20,1111111111101100,··,··,-,6551.6,655.16,65.516,4293656576,65516
11:56:01,30030,0,0,0x0000,UNB,Unb: ?,,0000000000000000,··,··,0000,0.0,0.00,0.000,0,0
11:56:01,30031,0,0,0x0000,UNB,Unb: ?,,0000000000000000,··,··,0000,0.0,0.00,0.000,0,0
11:56:01,30032,0,0,0x0000,UNB,Unb: ?,,0000000000000000,··,··,0000,0.0,0.00,0.000,0,0
11:56:01,30033,0,0,0x0000,UNB,Unb: ?,,0000000000000000,··,··,0000,0.0,0.00,0.000,0,0
11:56:01,30034,0,0,0x0000,UNB,Unb: ?,,0000000000000000,··,··,0000,0.0,0.00,0.000,0,0
11:56:01,30035,0,0,0x0000,UNB,Unb: ?,,0000000000000000,··,··,0000,0.0,0.00,0.000,219,14352384
11:56:01,30036,219,219,0x00DB,VERM,Verm: hardware_version,219,0000000011011011,··,··,-,21.9,2.19,0.219,14352384,219
11:56:01,30037,0,0,0x0000,VERM,Verm: mppt1_power,0 W,0000000000000000,··,··,0000,0.0,0.00,0.000,0,0
11:56:01,30038,0,0,0x0000,VERM,Verm: mppt2_power,0 W,0000000000000000,··,··,0000,0.0,0.00,0.000,0,0
11:56:01,30039,0,0,0x0000,VERM,Verm: mppt3_power,0 W,0000000000000000,··,··,0000,0.0,0.00,0.000,0,0
11:56:01,30040,0,0,0x0000,VERM,Verm: mppt4_power,0 W,0000000000000000,··,··,0000,0.0,0.00,0.000,,
11:56:01,30100,5330,5330,0x14D2,VERM,Verm: battery_voltage,53.300 V,0001010011010010,··,··,-,533.0,53.30,5.330,349306880,5330
11:56:01,30101,0,0,0x0000,VERM,Verm: pack1_current_mirror,0 A,0000000000000000,··,··,0000,0.0,0.00,0.000,,
11:56:02,30106,0,0,0x0000,UNB,Unb: ?,,0000000000000000,··,··,0000,0.0,0.00,0.000,,
11:56:02,30109,0,0,0x0000,UNB,Unb: ?,,0000000000000000,··,··,0000,0.0,0.00,0.000,0,0
11:56:02,30110,0,0,0x0000,UNB,Unb: ?,,0000000000000000,··,··,0000,0.0,0.00,0.000,,
11:56:02,30201,18,18,0x0012,UNB,Unb: unknown_30201,18,0000000000010010,··,··,0012,1.8,0.18,0.018,,
11:56:02,30203,106,106,0x006A,UNB,Unb: unknown_30203,106,0000000001101010,·j,j·,-,10.6,1.06,0.106,,
11:56:02,30210,0,0,0x0000,VERM,Verm: active_pack_charge_status,0,0000000000000000,··,··,0000,0.0,0.00,0.000,0,0
11:56:02,30211,0,0,0x0000,UNB,Unb: ?,,0000000000000000,··,··,0000,0.0,0.00,0.000,5,327680
11:56:02,30212,5,5,0x0005,VERM,Verm: pack_config,5,0000000000000101,··,··,0005,0.5,0.05,0.005,327680,5
11:56:02,30213,0,0,0x0000,UNB,Unb: ?,,0000000000000000,··,··,0000,0.0,0.00,0.000,0,0
11:56:02,30214,0,0,0x0000,UNB,Unb: ?,,0000000000000000,··,··,0000,0.0,0.00,0.000,,
11:56:02,30300,1,1,0x0001,VERM,Verm: wifi_status,1,0000000000000001,··,··,0001,0.1,0.01,0.001,65537,65537
11:56:02,30301,1,1,0x0001,VERM,Verm: active_inverter_state,1,0000000000000001,··,··,0001,0.1,0.01,0.001,65536,1
11:56:02,30302,0,0,0x0000,VERM,Verm: cloud_status,0,0000000000000000,··,··,0000,0.0,0.00,0.000,61,3997696
11:56:02,30303,61,61,0x003D,VERM,Verm: wifi_signal_strength,-61 dBm,0000000000111101,·=,=·,-,6.1,0.61,0.061,,
11:56:02,30400,49320,-16216,0xC0A8,UNB,Unb: ip_address,192.168,1100000010101000,··,··,-,4932.0,493.20,49.320,,
11:56:03,31003,5,5,0x0005,VERM,Verm: pack_dependent_31003,5,0000000000000101,··,··,0005,0.5,0.05,0.005,329223,101122053
11:56:03,31004,1543,1543,0x0607,VERM,Verm: pack_dependent_31004,1543,0000011000000111,··,··,0607,154.3,15.43,1.543,101122048,1543
11:56:03,31005,0,0,0x0000,UNB,Unb: unknown_31005,,0000000000000000,··,··,0000,0.0,0.00,0.000,0,0
11:56:03,31006,0,0,0x0000,UNB,Unb: unknown_31006,,0000000000000000,··,··,0000,0.0,0.00,0.000,0,0
11:56:03,31007,0,0,0x0000,UNB,Unb: unknown_31007,,0000000000000000,··,··,0000,0.0,0.00,0.000,0,0
11:56:03,31008,0,0,0x0000,UNB,Unb: unknown_31008,,0000000000000000,··,··,0000,0.0,0.00,0.000,0,0
11:56:03,31009,0,0,0x0000,UNB,Unb: unknown_31009,,0000000000000000,··,··,0000,0.0,0.00,0.000,,
11:56:03,32102,0,0,0x0000,UNB,Unb: unknown_32102,,0000000000000000,··,··,0000,0.0,0.00,0.000,,
11:56:03,32201,2487,2487,0x09B7,VERM,Verm: ac_voltage_2,248.700 V,0000100110110111,··,··,-,248.7,24.87,2.487,,
11:56:03,34001,0,0,0x0000,OK,pack1_bat_curr,0 A,0000000000000000,··,··,0000,0.0,0.00,0.000,,
11:56:03,34004,0,0,0x0000,VERM,Verm: pack1_charge_status,0,0000000000000000,··,··,0000,0.0,0.00,0.000,,
11:56:03,34101,0,0,0x0000,OK,pack2_bat_curr,0 A,0000000000000000,··,··,0000,0.0,0.00,0.000,,
11:56:04,34104,0,0,0x0000,VERM,Verm: pack2_charge_status,0,0000000000000000,··,··,0000,0.0,0.00,0.000,,
11:56:04,34204,0,0,0x0000,VERM,Verm: pack3_charge_status,0,0000000000000000,··,··,0000,0.0,0.00,0.000,,
11:56:04,34304,0,0,0x0000,VERM,Verm: pack4_charge_status,0,0000000000000000,··,··,0000,0.0,0.00,0.000,,
11:56:04,35011,238,238,0x00EE,VERM,Verm: pack1_env_ntc_mirror,23.800 °C,0000000011101110,··,··,-,23.8,2.38,0.238,,
11:56:04,35110,576,576,0x0240,VERM,Verm: max_charge_power,576,0000001001000000,·@,@·,0240,57.6,5.76,0.576,37748836,6554176
11:56:04,35111,100,100,0x0064,VERM,Verm: power_level,100,0000000001100100,·d,d·,0064,10.0,1.00,0.100,6554100,32768100
11:56:04,35112,500,500,0x01F4,VERM,Verm: max_discharge_power,500,0000000111110100,··,··,-,50.0,5.00,0.500,,
11:56:04,36101,0,0,0x0000,VERM,Verm: fault_status_2,0x0000,0000000000000000,··,··,0000,0.0,0.00,0.000,,
11:56:05,37000,1,1,0x0001,VERM,Verm: system_online,1,0000000000000001,··,··,0001,0.1,0.01,0.001,65536,1
11:56:05,37001,0,0,0x0000,UNB,Unb: ?,,0000000000000000,··,··,0000,0.0,0.00,0.000,0,0
11:56:05,37002,0,0,0x0000,UNB,Unb: ?,,0000000000000000,··,··,0000,0.0,0.00,0.000,0,0
11:56:05,37003,0,0,0x0000,UNB,Unb: ?,,0000000000000000,··,··,0000,0.0,0.00,0.000,2511,164560896
11:56:05,37004,2511,2511,0x09CF,OK,ac_power_target,2511 W,0000100111001111,··,··,-,251.1,25.11,2.511,,
11:56:05,37009,0,0,0x0000,UNB,Unb: ?,,0000000000000000,··,··,0000,0.0,0.00,0.000,0,0
11:56:05,37010,0,0,0x0000,UNB,Unb: ?,,0000000000000000,··,··,0000,0.0,0.00,0.000,0,0
11:56:05,37011,0,0,0x0000,UNB,Unb: ?,,0000000000000000,··,··,0000,0.0,0.00,0.000,118,7733248
11:56:05,37012,118,118,0x0076,VERM,Verm: bms_version_mirror,118,0000000001110110,·v,v·,0076,11.8,1.18,0.118,7733248,118
11:56:05,37013,0,0,0x0000,VERM,Verm: fault_status_mirror,0x0000,0000000000000000,··,··,0000,0.0,0.00,0.000,0,0
11:56:05,37014,0,0,0x0000,VERM,Verm: fault_status_2_mirror,0x0000,0000000000000000,··,··,0000,0.0,0.00,0.000,0,0
11:56:05,37015,0,0,0x0000,UNB,Unb: ?,,0000000000000000,··,··,0000,0.0,0.00,0.000,0,0
11:56:05,37016,0,0,0x0000,VERM,Verm: offgrid_ac_voltage,0 V,0000000000000000,··,··,0000,0.0,0.00,0.000,0,0
11:56:05,37017,0,0,0x0000,UNB,Unb: ?,,0000000000000000,··,··,0000,0.0,0.00,0.000,0,0
11:56:05,37018,0,0,0x0000,UNB,Unb: ?,,0000000000000000,··,··,0000,0.0,0.00,0.000,0,0
11:56:05,37019,0,0,0x0000,UNB,Unb: ?,,0000000000000000,··,··,0000,0.0,0.00,0.000,0,0
11:56:05,37020,0,0,0x0000,UNB,Unb: ?,,0000000000000000,··,··,0000,0.0,0.00,0.000,0,0
11:56:05,37021,0,0,0x0000,UNB,Unb: ?,,0000000000000000,··,··,0000,0.0,0.00,0.000,0,0
11:56:05,37022,0,0,0x0000,VERM,Verm: offgrid_dc_voltage,0 V,0000000000000000,··,··,0000,0.0,0.00,0.000,0,0
11:56:05,37023,0,0,0x0000,UNB,Unb: ?,,0000000000000000,··,··,0000,0.0,0.00,0.000,0,0
11:56:05,37024,0,0,0x0000,UNB,Unb: ?,,0000000000000000,··,··,0000,0.0,0.00,0.000,,
11:56:05,38000,0,0,0x0000,UNB,Unb: unknown_38000,,0000000000000000,··,··,0000,0.0,0.00,0.000,0,0
11:56:05,38001,0,0,0x0000,UNB,Unb: unknown_38001,,0000000000000000,··,··,0000,0.0,0.00,0.000,0,0
11:56:05,38002,0,0,0x0000,UNB,Unb: unknown_38002,,0000000000000000,··,··,0000,0.0,0.00,0.000,0,0
11:56:05,38003,0,0,0x0000,UNB,Unb: unknown_38003,,0000000000000000,··,··,0000,0.0,0.00,0.000,0,0
11:56:05,38004,0,0,0x0000,UNB,Unb: unknown_38004,,0000000000000000,··,··,0000,0.0,0.00,0.000,0,0
11:56:05,38005,0,0,0x0000,UNB,Unb: unknown_38005,,0000000000000000,··,··,0000,0.0,0.00,0.000,0,0
11:56:05,38006,0,0,0x0000,UNB,Unb: unknown_38006,,0000000000000000,··,··,0000,0.0,0.00,0.000,0,0
11:56:05,38007,0,0,0x0000,UNB,Unb: unknown_38007,,0000000000000000,··,··,0000,0.0,0.00,0.000,0,0
11:56:05,38008,0,0,0x0000,UNB,Unb: unknown_38008,,0000000000000000,··,··,0000,0.0,0.00,0.000,0,0
11:56:05,38009,0,0,0x0000,UNB,Unb: unknown_38009,,0000000000000000,··,··,0000,0.0,0.00,0.000,0,0
11:56:05,38010,0,0,0x0000,UNB,Unb: unknown_38010,,0000000000000000,··,··,0000,0.0,0.00,0.000,0,0
11:56:05,38011,0,0,0x0000,UNB,Unb: unknown_38011,,0000000000000000,··,··,0000,0.0,0.00,0.000,0,0
11:56:05,38012,0,0,0x0000,UNB,Unb: unknown_38012,,0000000000000000,··,··,0000,0.0,0.00,0.000,0,0
11:56:05,38013,0,0,0x0000,UNB,Unb: unknown_38013,,0000000000000000,··,··,0000,0.0,0.00,0.000,0,0
11:56:05,38014,0,0,0x0000,UNB,Unb: unknown_38014,,0000000000000000,··,··,0000,0.0,0.00,0.000,,
11:56:05,41000,0,0,0x0000,VERM,Verm: reset_device,,0000000000000000,··,··,0000,0.0,0.00,0.000,,
11:56:05,41100,1,1,0x0001,VERM,Verm: modbus_address,,0000000000000001,··,··,0001,0.1,0.01,0.001,,
11:56:05,41200,1,1,0x0001,VERM,Verm: backup_function,,0000000000000001,··,··,0001,0.1,0.01,0.001,,
11:56:06,42010,2,2,0x0002,VERM,Verm: force_mode,2,0000000000000010,··,··,0002,0.2,0.02,0.002,131072,2
11:56:06,42011,0,0,0x0000,VERM,Verm: charge_to_soc,0 %,0000000000000000,··,··,0000,0.0,0.00,0.000,,
11:56:06,42020,0,0,0x0000,VERM,Verm: set_charge_power,0 W,0000000000000000,··,··,0000,0.0,0.00,0.000,,
11:56:06,43000,1,1,0x0001,VERM,Verm: user_work_mode,1,0000000000000001,··,··,0001,0.1,0.01,0.001,,
11:56:06,43101,0,0,0x0000,VERM,Verm: schedule_1_start,00:00,0000000000000000,··,··,0000,0.0,0.00,0.000,,
11:56:06,43105,0,0,0x0000,VERM,Verm: schedule_2_days,0x0000,0000000000000000,··,··,0000,0.0,0.00,0.000,0,0
11:56:06,43106,0,0,0x0000,VERM,Verm: schedule_2_start,00:00,0000000000000000,··,··,0000,0.0,0.00,0.000,0,0
11:56:06,43107,0,0,0x0000,VERM,Verm: schedule_2_end,00:00,0000000000000000,··,··,0000,0.0,0.00,0.000,0,0
11:56:06,43108,0,0,0x0000,VERM,Verm: schedule_2_mode,0 W,0000000000000000,··,··,0000,0.0,0.00,0.000,0,0
11:56:06,43109,0,0,0x0000,VERM,Verm: schedule_2_enabled,0,0000000000000000,··,··,0000,0.0,0.00,0.000,0,0
11:56:06,43110,0,0,0x0000,VERM,Verm: schedule_3_days,0x0000,0000000000000000,··,··,0000,0.0,0.00,0.000,0,0
11:56:06,43111,0,0,0x0000,VERM,Verm: schedule_3_start,00:00,0000000000000000,··,··,0000,0.0,0.00,0.000,0,0
11:56:06,43112,0,0,0x0000,VERM,Verm: schedule_3_end,00:00,0000000000000000,··,··,0000,0.0,0.00,0.000,0,0
11:56:06,43113,0,0,0x0000,VERM,Verm: schedule_3_mode,0 W,0000000000000000,··,··,0000,0.0,0.00,0.000,0,0
11:56:06,43114,0,0,0x0000,VERM,Verm: schedule_3_enabled,0,0000000000000000,··,··,0000,0.0,0.00,0.000,0,0
11:56:06,43115,0,0,0x0000,VERM,Verm: schedule_4_days,0x0000,0000000000000000,··,··,0000,0.0,0.00,0.000,0,0
11:56:06,43116,0,0,0x0000,VERM,Verm: schedule_4_start,00:00,0000000000000000,··,··,0000,0.0,0.00,0.000,0,0
11:56:06,43117,0,0,0x0000,VERM,Verm: schedule_4_end,00:00,0000000000000000,··,··,0000,0.0,0.00,0.000,0,0
11:56:06,43118,0,0,0x0000,VERM,Verm: schedule_4_mode,0 W,0000000000000000,··,··,0000,0.0,0.00,0.000,0,0
11:56:06,43119,0,0,0x0000,VERM,Verm: schedule_4_enabled,0,0000000000000000,··,··,0000,0.0,0.00,0.000,0,0
11:56:06,43120,0,0,0x0000,VERM,Verm: schedule_5_days,0x0000,0000000000000000,··,··,0000,0.0,0.00,0.000,0,0
11:56:06,43121,0,0,0x0000,VERM,Verm: schedule_5_start,00:00,0000000000000000,··,··,0000,0.0,0.00,0.000,0,0
11:56:06,43122,0,0,0x0000,VERM,Verm: schedule_5_end,00:00,0000000000000000,··,··,0000,0.0,0.00,0.000,0,0
11:56:06,43123,0,0,0x0000,VERM,Verm: schedule_5_mode,0 W,0000000000000000,··,··,0000,0.0,0.00,0.000,0,0
11:56:06,43124,0,0,0x0000,VERM,Verm: schedule_5_enabled,0,0000000000000000,··,··,0000,0.0,0.00,0.000,0,0
11:56:06,43125,0,0,0x0000,VERM,Verm: schedule_6_days,0x0000,0000000000000000,··,··,0000,0.0,0.00,0.000,0,0
11:56:06,43126,0,0,0x0000,VERM,Verm: schedule_6_start,00:00,0000000000000000,··,··,0000,0.0,0.00,0.000,0,0
11:56:06,43127,0,0,0x0000,VERM,Verm: schedule_6_end,00:00,0000000000000000,··,··,0000,0.0,0.00,0.000,0,0
11:56:06,43128,0,0,0x0000,VERM,Verm: schedule_6_mode,0 W,0000000000000000,··,··,0000,0.0,0.00,0.000,0,0
11:56:06,43129,0,0,0x0000,VERM,Verm: schedule_6_enabled,0,0000000000000000,··,··,0000,0.0,0.00,0.000,,
11:56:06,44002,0,0,0x0000,VERM,Verm: max_charge_power,0 W,0000000000000000,··,··,0000,0.0,0.00,0.000,0,0
11:56:06,44003,0,0,0x0000,VERM,Verm: max_discharge_power,0 W,0000000000000000,··,··,0000,0.0,0.00,0.000,,
11:56:17,30001,62879,-2657,0xF59F,OK,battery_power,-2657 W,1111010110011111,··,··,-,6287.9,628.79,62.879,,
11:56:17,30006,2511,2511,0x09CF,OK,ac_power,2511 W,0000100111001111,··,··,-,251.1,25.11,2.511,,
11:56:17,30010,0,0,0x0000,UNB,Unb: ?,,0000000000000000,··,··,0000,0.0,0.00,0.000,,
11:56:17,30020,100,100,0x0064,VERM,Verm: mppt1_voltage,10 V,0000000001100100,·d,d·,0064,10.0,1.00,0.100,6553699,6488164
11:56:17,30021,99,99,0x0063,VERM,Verm: mppt2_voltage,9.900 V,0000000001100011,·c,c·,0063,9.9,0.99,0.099,6488163,6488163
11:56:17,30022,99,99,0x0063,VERM,Verm: mppt3_voltage,9.900 V,0000000001100011,·c,c·,0063,9.9,0.99,0.099,6488163,6488163
11:56:17,30023,99,99,0x0063,VERM,Verm: mppt4_voltage,9.900 V,0000000001100011,·c,c·,0063,9.9,0.99,0.099,6488064,99
11:56:17,30024,0,0,0x0000,VERM,Verm: mppt1_current,0 A,0000000000000000,··,··,0000,0.0,0.00,0.000,0,0
11:56:17,30025,0,0,0x0000,VERM,Verm: mppt2_current,0 A,0000000000000000,··,··,0000,0.0,0.00,0.000,0,0
11:56:17,30026,0,0,0x0000,VERM,Verm: mppt3_current,0 A,0000000000000000,··,··,0000,0.0,0.00,0.000,0,0
11:56:17,30027,0,0,0x0000,VERM,Verm: mppt4_current,0 A,0000000000000000,··,··,0000,0.0,0.00,0.000,,
11:56:17,30029,65515,-21,0xFFEB,VERM,Verm: battery_power_factor,-21,1111111111101011,··,··,-,6551.5,655.15,65.515,4293591040,65515
11:56:17,30030,0,0,0x0000,UNB,Unb: ?,,0000000000000000,··,··,0000,0.0,0.00,0.000,0,0
11:56:17,30031,0,0,0x0000,UNB,Unb: ?,,0000000000000000,··,··,0000,0.0,0.00,0.000,0,0
11:56:17,30032,0,0,0x0000,UNB,Unb: ?,,0000000000000000,··,··,0000,0.0,0.00,0.000,0,0
11:56:17,30033,0,0,0x0000,UNB,Unb: ?,,0000000000000000,··,··,0000,0.0,0.00,0.000,0,0
11:56:17,30034,0,0,0x0000,UNB,Unb: ?,,0000000000000000,··,··,0000,0.0,0.00,0.000,0,0
11:56:17,30035,0,0,0x0000,UNB,Unb: ?,,0000000000000000,··,··,0000,0.0,0.00,0.000,219,14352384
11:56:17,30036,219,219,0x00DB,VERM,Verm: hardware_version,219,0000000011011011,··,··,-,21.9,2.19,0.219,14352384,219
11:56:17,30037,0,0,0x0000,VERM,Verm: mppt1_power,0 W,0000000000000000,··,··,0000,0.0,0.00,0.000,0,0
11:56:17,30038,0,0,0x0000,VERM,Verm: mppt2_power,0 W,0000000000000000,··,··,0000,0.0,0.00,0.000,0,0
11:56:17,30039,0,0,0x0000,VERM,Verm: mppt3_power,0 W,0000000000000000,··,··,0000,0.0,0.00,0.000,0,0
11:56:17,30040,0,0,0x0000,VERM,Verm: mppt4_power,0 W,0000000000000000,··,··,0000,0.0,0.00,0.000,,
11:56:17,30100,5330,5330,0x14D2,VERM,Verm: battery_voltage,53.300 V,0001010011010010,··,··,-,533.0,53.30,5.330,349306880,5330
11:56:17,30101,0,0,0x0000,VERM,Verm: pack1_current_mirror,0 A,0000000000000000,··,··,0000,0.0,0.00,0.000,,
11:56:17,30106,0,0,0x0000,UNB,Unb: ?,,0000000000000000,··,··,0000,0.0,0.00,0.000,,
11:56:18,30109,0,0,0x0000,UNB,Unb: ?,,0000000000000000,··,··,0000,0.0,0.00,0.000,0,0
11:56:18,30110,0,0,0x0000,UNB,Unb: ?,,0000000000000000,··,··,0000,0.0,0.00,0.000,,
11:56:18,30201,18,18,0x0012,UNB,Unb: unknown_30201,18,0000000000010010,··,··,0012,1.8,0.18,0.018,,
11:56:18,30203,106,106,0x006A,UNB,Unb: unknown_30203,106,0000000001101010,·j,j·,-,10.6,1.06,0.106,,
11:56:18,30210,0,0,0x0000,VERM,Verm: active_pack_charge_status,0,0000000000000000,··,··,0000,0.0,0.00,0.000,0,0
11:56:18,30211,0,0,0x0000,UNB,Unb: ?,,0000000000000000,··,··,0000,0.0,0.00,0.000,5,327680
11:56:18,30212,5,5,0x0005,VERM,Verm: pack_config,5,0000000000000101,··,··,0005,0.5,0.05,0.005,327680,5
11:56:18,30213,0,0,0x0000,UNB,Unb: ?,,0000000000000000,··,··,0000,0.0,0.00,0.000,0,0
11:56:18,30214,0,0,0x0000,UNB,Unb: ?,,0000000000000000,··,··,0000,0.0,0.00,0.000,,
11:56:18,30300,1,1,0x0001,VERM,Verm: wifi_status,1,0000000000000001,··,··,0001,0.1,0.01,0.001,65537,65537
11:56:18,30301,1,1,0x0001,VERM,Verm: active_inverter_state,1,0000000000000001,··,··,0001,0.1,0.01,0.001,65536,1
11:56:18,30302,0,0,0x0000,VERM,Verm: cloud_status,0,0000000000000000,··,··,0000,0.0,0.00,0.000,61,3997696
11:56:18,30303,61,61,0x003D,VERM,Verm: wifi_signal_strength,-61 dBm,0000000000111101,·=,=·,-,6.1,0.61,0.061,,
11:56:18,30400,49320,-16216,0xC0A8,UNB,Unb: ip_address,192.168,1100000010101000,··,··,-,4932.0,493.20,49.320,,
11:56:19,31003,5,5,0x0005,VERM,Verm: pack_dependent_31003,5,0000000000000101,··,··,0005,0.5,0.05,0.005,329223,101122053
11:56:19,31004,1543,1543,0x0607,VERM,Verm: pack_dependent_31004,1543,0000011000000111,··,··,0607,154.3,15.43,1.543,101122048,1543
11:56:19,31005,0,0,0x0000,UNB,Unb: unknown_31005,,0000000000000000,··,··,0000,0.0,0.00,0.000,0,0
11:56:19,31006,0,0,0x0000,UNB,Unb: unknown_31006,,0000000000000000,··,··,0000,0.0,0.00,0.000,0,0
11:56:19,31007,0,0,0x0000,UNB,Unb: unknown_31007,,0000000000000000,··,··,0000,0.0,0.00,0.000,0,0
11:56:19,31008,0,0,0x0000,UNB,Unb: unknown_31008,,0000000000000000,··,··,0000,0.0,0.00,0.000,0,0
11:56:19,31009,0,0,0x0000,UNB,Unb: unknown_31009,,0000000000000000,··,··,0000,0.0,0.00,0.000,,
11:56:19,32102,0,0,0x0000,UNB,Unb: unknown_32102,,0000000000000000,··,··,0000,0.0,0.00,0.000,,
11:56:19,32201,2487,2487,0x09B7,VERM,Verm: ac_voltage_2,248.700 V,0000100110110111,··,··,-,248.7,24.87,2.487,,
11:56:19,34001,0,0,0x0000,OK,pack1_bat_curr,0 A,0000000000000000,··,··,0000,0.0,0.00,0.000,,
11:56:19,34004,0,0,0x0000,VERM,Verm: pack1_charge_status,0,0000000000000000,··,··,0000,0.0,0.00,0.000,,
11:56:19,34101,0,0,0x0000,OK,pack2_bat_curr,0 A,0000000000000000,··,··,0000,0.0,0.00,0.000,,
11:56:20,34104,0,0,0x0000,VERM,Verm: pack2_charge_status,0,0000000000000000,··,··,0000,0.0,0.00,0.000,,
11:56:20,34204,0,0,0x0000,VERM,Verm: pack3_charge_status,0,0000000000000000,··,··,0000,0.0,0.00,0.000,,
11:56:20,34304,0,0,0x0000,VERM,Verm: pack4_charge_status,0,0000000000000000,··,··,0000,0.0,0.00,0.000,,
11:56:20,35011,238,238,0x00EE,VERM,Verm: pack1_env_ntc_mirror,23.800 °C,0000000011101110,··,··,-,23.8,2.38,0.238,,
11:56:20,35110,576,576,0x0240,VERM,Verm: max_charge_power,576,0000001001000000,·@,@·,0240,57.6,5.76,0.576,37748836,6554176
11:56:20,35111,100,100,0x0064,VERM,Verm: power_level,100,0000000001100100,·d,d·,0064,10.0,1.00,0.100,6554100,32768100
11:56:20,35112,500,500,0x01F4,VERM,Verm: max_discharge_power,500,0000000111110100,··,··,-,50.0,5.00,0.500,,
11:56:20,36101,0,0,0x0000,VERM,Verm: fault_status_2,0x0000,0000000000000000,··,··,0000,0.0,0.00,0.000,,
11:56:21,37000,1,1,0x0001,VERM,Verm: system_online,1,0000000000000001,··,··,0001,0.1,0.01,0.001,65536,1
11:56:21,37001,0,0,0x0000,UNB,Unb: ?,,0000000000000000,··,··,0000,0.0,0.00,0.000,0,0
11:56:21,37002,0,0,0x0000,UNB,Unb: ?,,0000000000000000,··,··,0000,0.0,0.00,0.000,0,0
11:56:21,37003,0,0,0x0000,UNB,Unb: ?,,0000000000000000,··,··,0000,0.0,0.00,0.000,2511,164560896
11:56:21,37004,2511,2511,0x09CF,OK,ac_power_target,2511 W,0000100111001111,··,··,-,251.1,25.11,2.511,,
11:56:21,37009,0,0,0x0000,UNB,Unb: ?,,0000000000000000,··,··,0000,0.0,0.00,0.000,0,0
11:56:21,37010,0,0,0x0000,UNB,Unb: ?,,0000000000000000,··,··,0000,0.0,0.00,0.000,0,0
11:56:21,37011,0,0,0x0000,UNB,Unb: ?,,0000000000000000,··,··,0000,0.0,0.00,0.000,118,7733248
11:56:21,37012,118,118,0x0076,VERM,Verm: bms_version_mirror,118,0000000001110110,·v,v·,0076,11.8,1.18,0.118,7733248,118
11:56:21,37013,0,0,0x0000,VERM,Verm: fault_status_mirror,0x0000,0000000000000000,··,··,0000,0.0,0.00,0.000,0,0
11:56:21,37014,0,0,0x0000,VERM,Verm: fault_status_2_mirror,0x0000,0000000000000000,··,··,0000,0.0,0.00,0.000,0,0
11:56:21,37015,0,0,0x0000,UNB,Unb: ?,,0000000000000000,··,··,0000,0.0,0.00,0.000,0,0
11:56:21,37016,0,0,0x0000,VERM,Verm: offgrid_ac_voltage,0 V,0000000000000000,··,··,0000,0.0,0.00,0.000,0,0
11:56:21,37017,0,0,0x0000,UNB,Unb: ?,,0000000000000000,··,··,0000,0.0,0.00,0.000,0,0
11:56:21,37018,0,0,0x0000,UNB,Unb: ?,,0000000000000000,··,··,0000,0.0,0.00,0.000,0,0
11:56:21,37019,0,0,0x0000,UNB,Unb: ?,,0000000000000000,··,··,0000,0.0,0.00,0.000,0,0
11:56:21,37020,0,0,0x0000,UNB,Unb: ?,,0000000000000000,··,··,0000,0.0,0.00,0.000,0,0
11:56:21,37021,0,0,0x0000,UNB,Unb: ?,,0000000000000000,··,··,0000,0.0,0.00,0.000,0,0
11:56:21,37022,0,0,0x0000,VERM,Verm: offgrid_dc_voltage,0 V,0000000000000000,··,··,0000,0.0,0.00,0.000,0,0
11:56:21,37023,0,0,0x0000,UNB,Unb: ?,,0000000000000000,··,··,0000,0.0,0.00,0.000,0,0
11:56:21,37024,0,0,0x0000,UNB,Unb: ?,,0000000000000000,··,··,0000,0.0,0.00,0.000,,
11:56:21,38000,0,0,0x0000,UNB,Unb: unknown_38000,,0000000000000000,··,··,0000,0.0,0.00,0.000,0,0
11:56:21,38001,0,0,0x0000,UNB,Unb: unknown_38001,,0000000000000000,··,··,0000,0.0,0.00,0.000,0,0
11:56:21,38002,0,0,0x0000,UNB,Unb: unknown_38002,,0000000000000000,··,··,0000,0.0,0.00,0.000,0,0
11:56:21,38003,0,0,0x0000,UNB,Unb: unknown_38003,,0000000000000000,··,··,0000,0.0,0.00,0.000,0,0
11:56:21,38004,0,0,0x0000,UNB,Unb: unknown_38004,,0000000000000000,··,··,0000,0.0,0.00,0.000,0,0
11:56:21,38005,0,0,0x0000,UNB,Unb: unknown_38005,,0000000000000000,··,··,0000,0.0,0.00,0.000,0,0
11:56:21,38006,0,0,0x0000,UNB,Unb: unknown_38006,,0000000000000000,··,··,0000,0.0,0.00,0.000,0,0
11:56:21,38007,0,0,0x0000,UNB,Unb: unknown_38007,,0000000000000000,··,··,0000,0.0,0.00,0.000,0,0
11:56:21,38008,0,0,0x0000,UNB,Unb: unknown_38008,,0000000000000000,··,··,0000,0.0,0.00,0.000,0,0
11:56:21,38009,0,0,0x0000,UNB,Unb: unknown_38009,,0000000000000000,··,··,0000,0.0,0.00,0.000,0,0
11:56:21,38010,0,0,0x0000,UNB,Unb: unknown_38010,,0000000000000000,··,··,0000,0.0,0.00,0.000,0,0
11:56:21,38011,0,0,0x0000,UNB,Unb: unknown_38011,,0000000000000000,··,··,0000,0.0,0.00,0.000,0,0
11:56:21,38012,0,0,0x0000,UNB,Unb: unknown_38012,,0000000000000000,··,··,0000,0.0,0.00,0.000,0,0
11:56:21,38013,0,0,0x0000,UNB,Unb: unknown_38013,,0000000000000000,··,··,0000,0.0,0.00,0.000,0,0
11:56:21,38014,0,0,0x0000,UNB,Unb: unknown_38014,,0000000000000000,··,··,0000,0.0,0.00,0.000,,
11:56:21,41000,0,0,0x0000,VERM,Verm: reset_device,,0000000000000000,··,··,0000,0.0,0.00,0.000,,
11:56:21,41100,1,1,0x0001,VERM,Verm: modbus_address,,0000000000000001,··,··,0001,0.1,0.01,0.001,,
11:56:21,41200,1,1,0x0001,VERM,Verm: backup_function,,0000000000000001,··,··,0001,0.1,0.01,0.001,,
11:56:21,42010,2,2,0x0002,VERM,Verm: force_mode,2,0000000000000010,··,··,0002,0.2,0.02,0.002,131072,2
11:56:21,42011,0,0,0x0000,VERM,Verm: charge_to_soc,0 %,0000000000000000,··,··,0000,0.0,0.00,0.000,,
11:56:22,42020,0,0,0x0000,VERM,Verm: set_charge_power,0 W,0000000000000000,··,··,0000,0.0,0.00,0.000,,
11:56:22,43000,1,1,0x0001,VERM,Verm: user_work_mode,1,0000000000000001,··,··,0001,0.1,0.01,0.001,,
11:56:22,43101,0,0,0x0000,VERM,Verm: schedule_1_start,00:00,0000000000000000,··,··,0000,0.0,0.00,0.000,,
11:56:22,43105,0,0,0x0000,VERM,Verm: schedule_2_days,0x0000,0000000000000000,··,··,0000,0.0,0.00,0.000,0,0
11:56:22,43106,0,0,0x0000,VERM,Verm: schedule_2_start,00:00,0000000000000000,··,··,0000,0.0,0.00,0.000,0,0
11:56:22,43107,0,0,0x0000,VERM,Verm: schedule_2_end,00:00,0000000000000000,··,··,0000,0.0,0.00,0.000,0,0
11:56:22,43108,0,0,0x0000,VERM,Verm: schedule_2_mode,0 W,0000000000000000,··,··,0000,0.0,0.00,0.000,0,0
11:56:22,43109,0,0,0x0000,VERM,Verm: schedule_2_enabled,0,0000000000000000,··,··,0000,0.0,0.00,0.000,0,0
11:56:22,43110,0,0,0x0000,VERM,Verm: schedule_3_days,0x0000,0000000000000000,··,··,0000,0.0,0.00,0.000,0,0
11:56:22,43111,0,0,0x0000,VERM,Verm: schedule_3_start,00:00,0000000000000000,··,··,0000,0.0,0.00,0.000,0,0
11:56:22,43112,0,0,0x0000,VERM,Verm: schedule_3_end,00:00,0000000000000000,··,··,0000,0.0,0.00,0.000,0,0
11:56:22,43113,0,0,0x0000,VERM,Verm: schedule_3_mode,0 W,0000000000000000,··,··,0000,0.0,0.00,0.000,0,0
11:56:22,43114,0,0,0x0000,VERM,Verm: schedule_3_enabled,0,0000000000000000,··,··,0000,0.0,0.00,0.000,0,0
11:56:22,43115,0,0,0x0000,VERM,Verm: schedule_4_days,0x0000,0000000000000000,··,··,0000,0.0,0.00,0.000,0,0
11:56:22,43116,0,0,0x0000,VERM,Verm: schedule_4_start,00:00,0000000000000000,··,··,0000,0.0,0.00,0.000,0,0
11:56:22,43117,0,0,0x0000,VERM,Verm: schedule_4_end,00:00,0000000000000000,··,··,0000,0.0,0.00,0.000,0,0
11:56:22,43118,0,0,0x0000,VERM,Verm: schedule_4_mode,0 W,0000000000000000,··,··,0000,0.0,0.00,0.000,0,0
11:56:22,43119,0,0,0x0000,VERM,Verm: schedule_4_enabled,0,0000000000000000,··,··,0000,0.0,0.00,0.000,0,0
11:56:22,43120,0,0,0x0000,VERM,Verm: schedule_5_days,0x0000,0000000000000000,··,··,0000,0.0,0.00,0.000,0,0
11:56:22,43121,0,0,0x0000,VERM,Verm: schedule_5_start,00:00,0000000000000000,··,··,0000,0.0,0.00,0.000,0,0
11:56:22,43122,0,0,0x0000,VERM,Verm: schedule_5_end,00:00,0000000000000000,··,··,0000,0.0,0.00,0.000,0,0
11:56:22,43123,0,0,0x0000,VERM,Verm: schedule_5_mode,0 W,0000000000000000,··,··,0000,0.0,0.00,0.000,0,0
11:56:22,43124,0,0,0x0000,VERM,Verm: schedule_5_enabled,0,0000000000000000,··,··,0000,0.0,0.00,0.000,0,0
11:56:22,43125,0,0,0x0000,VERM,Verm: schedule_6_days,0x0000,0000000000000000,··,··,0000,0.0,0.00,0.000,0,0
11:56:22,43126,0,0,0x0000,VERM,Verm: schedule_6_start,00:00,0000000000000000,··,··,0000,0.0,0.00,0.000,0,0
11:56:22,43127,0,0,0x0000,VERM,Verm: schedule_6_end,00:00,0000000000000000,··,··,0000,0.0,0.00,0.000,0,0
11:56:22,43128,0,0,0x0000,VERM,Verm: schedule_6_mode,0 W,0000000000000000,··,··,0000,0.0,0.00,0.000,0,0
11:56:22,43129,0,0,0x0000,VERM,Verm: schedule_6_enabled,0,0000000000000000,··,··,0000,0.0,0.00,0.000,,
11:56:22,44002,0,0,0x0000,VERM,Verm: max_charge_power,0 W,0000000000000000,··,··,0000,0.0,0.00,0.000,0,0
11:56:22,44003,0,0,0x0000,VERM,Verm: max_discharge_power,0 W,0000000000000000,··,··,0000,0.0,0.00,0.000,,
